21.06.2010	46,5000	48,9900	
22.06.2010	42,8200	46,5500	
23.06.2010	41,7000	41,8000	
24.06.2010	43,1000	41,5100	
25.06.2010	42,6800	43,5000	
28.06.2010	41,9500	42,7000	
29.06.2010	40,4000	41,8200	
30.06.2010	41,4400	40,8000	
01.07.2010	40,5000	40,5000	
02.07.2010	41,0000	40,5000	
05.07.2010	41,0000	41,2000	
06.07.2010	41,1800	40,8000	
07.07.2010	41,2450	41,0000	
08.07.2010	41,6950	41,3500	
09.07.2010	41,5200	41,8800	
12.07.2010	41,6950	41,2100	
13.07.2010	42,1800	41,7500	
14.07.2010	43,3200	42,4400	
15.07.2010	45,0000	43,5000	
16.07.2010	45,3500	44,0100	
19.07.2010	45,2000	45,4500	
20.07.2010	45,1000	45,2400	
21.07.2010	45,1000	45,0000	
22.07.2010	46,4650	44,9500	
23.07.2010	46,3800	46,4650	
26.07.2010	45,8000	46,9200	
27.07.2010	44,9500	45,3250	
28.07.2010	45,0000	45,0000	
29.07.2010	45,6000	45,5000	
30.07.2010	46,1350	45,6000	
02.08.2010	46,8700	46,4900	
03.08.2010	46,8400	46,8000	
04.08.2010	48,3300	46,9900	
05.08.2010	51,2700	48,9000	
06.08.2010	51,2500	51,0000	
09.08.2010	55,2900	50,8500	
10.08.2010	55,0000	55,4900	
11.08.2010	53,6600	54,3100	
12.08.2010	53,4300	53,5000	
13.08.2010	53,0100	54,0000	
16.08.2010	53,7000	53,8000	
17.08.2010	54,6700	53,9600	
18.08.2010	53,4800	54,7000	
19.08.2010	51,5200	53,9900	
20.08.2010	51,1000	50,7300	
23.08.2010	51,0200	51,4000	
24.08.2010	50,0100	51,0000	
25.08.2010	49,6000	50,0100	
26.08.2010	49,6000	49,9800	
27.08.2010	50,7800	49,9450	
30.08.2010	51,3500	51,3000	
31.08.2010	52,7400	51,0100	
01.09.2010	51,4700	51,3100	
02.09.2010	53,1900	52,7400	
03.09.2010	53,7900	53,5300	
06.09.2010	53,7000	53,5600	
07.09.2010	54,0100	54,4500	
08.09.2010	54,3100	54,1400	
09.09.2010	54,5000	54,2300	
10.09.2010	54,9900	54,9900	
13.09.2010	54,8900	55,3000	
14.09.2010	54,5000	54,5100	
15.09.2010	53,8500	54,1600	
16.09.2010	53,8400	54,1500	
17.09.2010	54,9900	53,9000	
20.09.2010	53,9900	54,3300	
21.09.2010	53,4000	53,7000	
22.09.2010	52,5300	53,2500	
23.09.2010	52,0000	52,5300	
24.09.2010	52,3000	52,3700	
27.09.2010	52,8000	52,9900	
28.09.2010	53,4800	52,3100	
29.09.2010	52,5000	53,4000	
30.09.2010	52,2500	52,0000	
01.10.2010	52,4200	52,5000	
04.10.2010	52,3000	51,6100	
05.10.2010	51,9600	52,3000	
06.10.2010	51,0000	51,9900	
07.10.2010	50,8500	50,5000	
08.10.2010	51,0700	50,9100	
11.10.2010	51,0000	51,5500	
12.10.2010	52,1400	51,9100	
13.10.2010	50,9000	51,3600	
14.10.2010	50,0000	51,0000	
15.10.2010	48,9700	50,7200	
18.10.2010	49,4000	49,5500	
19.10.2010	46,9800	49,3300	
20.10.2010	47,2050	47,0500	
21.10.2010	49,0000	47,6250	
22.10.2010	47,5000	49,3000	
25.10.2010	47,5900	48,3000	
26.10.2010	47,7100	47,6000	
27.10.2010	47,0000	47,7500	
28.10.2010	49,2000	47,6150	
29.10.2010	51,9000	49,6250	
01.11.2010	52,7900	52,1600	
02.11.2010	53,8700	53,4000	
03.11.2010	53,7500	53,9000	
04.11.2010	51,9400	53,4200	
05.11.2010	51,8500	51,5000	
08.11.2010	51,9300	51,8000	
09.11.2010	53,1200	52,3400	
10.11.2010	52,9000	52,9100	
11.11.2010	50,7000	52,9000	
12.11.2010	50,4000	49,8200	
15.11.2010	50,8000	49,7000	
16.11.2010	49,2500	50,4700	
17.11.2010	49,2500	48,8200	
18.11.2010	49,5300	49,0400	
19.11.2010	50,1300	50,1000	
22.11.2010	50,0000	49,7900	
23.11.2010	49,3800	49,7500	
24.11.2010	49,4000	49,3600	
25.11.2010	47,5000	49,1000	
26.11.2010	47,5000	47,0000	
29.11.2010	46,5000	47,0000	
30.11.2010	46,5000	46,5200	
01.12.2010	47,1500	47,0200	
02.12.2010	47,5000	46,7100	
03.12.2010	47,1500	47,6850	
06.12.2010	47,2500	47,6700	
07.12.2010	47,5000	46,9550	
08.12.2010	49,0500	47,0000	
09.12.2010	49,0000	49,0000	
10.12.2010	49,0700	48,9600	
13.12.2010	49,2450	48,7600	
14.12.2010	49,2000	49,0400	
15.12.2010	50,8000	48,9800	
16.12.2010	50,7500	50,5000	
17.12.2010	50,7100	50,5600	
20.12.2010	50,0000	50,4500	
21.12.2010	50,0000	50,0000	
22.12.2010	50,0000	49,7000	
23.12.2010	50,9900	50,0000	
27.12.2010	50,3900	51,2500	
28.12.2010	50,6000	49,0300	
29.12.2010	50,4300	50,1600	
30.12.2010	50,0000	50,3000	
03.01.2011	49,8100	49,7100	
04.01.2011	49,7500	50,0000	
05.01.2011	49,9350	49,8700	
06.01.2011	50,9100	50,2600	
07.01.2011	50,4000	50,7000	
10.01.2011	50,5000	50,4000	
11.01.2011	50,5000	50,8600	
12.01.2011	50,6500	50,5000	
13.01.2011	50,3900	50,9900	
14.01.2011	48,0000	50,0600	
17.01.2011	48,8900	48,0000	
18.01.2011	49,3800	49,0500	
19.01.2011	48,5800	49,0000	
20.01.2011	48,1500	49,4900	
21.01.2011	49,0000	48,0800	
24.01.2011	49,0000	48,4600	
25.01.2011	49,4000	48,8950	
26.01.2011	49,8000	49,3600	
27.01.2011	50,1200	49,6200	
28.01.2011	50,2500	50,9200	
31.01.2011	50,2200	50,4600	
01.02.2011	50,8000	50,2200	
02.02.2011	51,0000	52,0100	
03.02.2011	51,0000	50,7500	
04.02.2011	51,4000	51,7000	
07.02.2011	51,5000	50,6100	
08.02.2011	51,5000	50,6900	
09.02.2011	51,4700	51,5000	
10.02.2011	50,7100	51,5400	
11.02.2011	50,0700	50,4800	
14.02.2011	50,4200	49,9200	
15.02.2011	50,5000	50,5000	
16.02.2011	50,5000	50,9000	
17.02.2011	50,3200	50,5000	
18.02.2011	50,7000	50,1500	
21.02.2011	50,2500	50,7800	
22.02.2011	50,4000	50,2500	
23.02.2011	50,6000	50,5000	
24.02.2011	50,4200	50,5000	
25.02.2011	50,8400	50,5900	
28.02.2011	51,1700	51,2200	
01.03.2011	50,8100	51,1400	
02.03.2011	51,3400	50,8800	
03.03.2011	52,2400	51,8000	
04.03.2011	52,8000	52,2000	
07.03.2011	52,5100	52,2200	
08.03.2011	52,0000	52,2200	
09.03.2011	52,3500	52,4800	
10.03.2011	52,6800	52,0000	
11.03.2011	51,0000	51,9300	
14.03.2011	50,7100	51,5600	
15.03.2011	48,4900	50,0800	
16.03.2011	50,0000	48,7000	
17.03.2011	52,9700	49,2300	
18.03.2011	54,0500	53,9000	
21.03.2011	55,2500	54,3900	
22.03.2011	55,0400	55,4800	
23.03.2011	54,8000	55,0000	
24.03.2011	55,5500	55,0000	
25.03.2011	55,0000	55,6900	
28.03.2011	54,8500	54,5400	
29.03.2011	54,7400	54,4900	
30.03.2011	55,9800	55,7100	
31.03.2011	56,0000	55,5500	
01.04.2011	56,0000	56,0000	
04.04.2011	55,6000	56,0000	
05.04.2011	55,2500	55,8900	
06.04.2011	55,2400	55,4600	
07.04.2011	55,0000	55,4900	
08.04.2011	55,0000	55,1000	
11.04.2011	55,7800	55,4900	
12.04.2011	54,8000	55,8000	
13.04.2011	55,5000	55,0800	
14.04.2011	55,5000	55,5000	
15.04.2011	55,6500	55,5000	
18.04.2011	55,0800	55,5000	
19.04.2011	55,4000	55,1000	
20.04.2011	55,6500	55,5000	
21.04.2011	55,4800	55,5000	
26.04.2011	55,5000	55,0800	
27.04.2011	56,0000	55,9000	
28.04.2011	56,4500	55,6400	
29.04.2011	57,8000	57,0000	
02.05.2011	58,5000	57,7500	
03.05.2011	57,3000	57,7500	
04.05.2011	58,5000	57,3100	
05.05.2011	58,9000	58,8900	
06.05.2011	59,8500	59,4500	
09.05.2011	58,5500	59,7500	
10.05.2011	59,4800	58,7300	
11.05.2011	59,2400	59,5500	
12.05.2011	58,3000	59,4900	
13.05.2011	58,5600	58,9900	
16.05.2011	59,0000	58,9600	
17.05.2011	58,4400	59,2600	
18.05.2011	58,1900	58,2400	
19.05.2011	58,2000	58,0200	
20.05.2011	58,8000	58,0000	
23.05.2011	58,6500	58,6500	
24.05.2011	59,2500	58,6500	
25.05.2011	62,8300	59,5500	
26.05.2011	62,5000	63,3100	
27.05.2011	62,0000	62,2000	
30.05.2011	63,6500	62,7100	
31.05.2011	64,5000	63,1200	
01.06.2011	63,9000	63,8100	
02.06.2011	64,0000	63,4700	
03.06.2011	63,0500	63,7400	
06.06.2011	63,5000	62,7800	
07.06.2011	62,9700	63,7100	
08.06.2011	60,5000	62,8800	
09.06.2011	60,3200	60,5000	
10.06.2011	58,4900	60,8000	
13.06.2011	58,6500	58,2400	
14.06.2011	59,0000	58,9400	
15.06.2011	57,7800	58,9000	
16.06.2011	56,5000	56,2700	
17.06.2011	56,0000	56,0500	
20.06.2011	56,0000	55,6300	
21.06.2011	57,9000	56,3000	
22.06.2011	59,0100	57,5300	
23.06.2011	59,1500	58,5000	
24.06.2011	59,0100	59,0100	
27.06.2011	58,8500	59,3000	
28.06.2011	59,0000	58,9500	
29.06.2011	59,4300	58,7500	
30.06.2011	61,5000	58,9100	
01.07.2011	61,4000	61,7000	
04.07.2011	61,8900	61,0000	
05.07.2011	63,0000	61,3300	
06.07.2011	63,2500	63,4900	
07.07.2011	62,9900	63,0000	
08.07.2011	62,3900	63,0000	
11.07.2011	59,5000	62,1000	
12.07.2011	59,1000	59,9500	
13.07.2011	60,0000	59,4700	
14.07.2011	60,0000	59,8100	
15.07.2011	59,7100	60,6100	
18.07.2011	59,4200	60,1000	
19.07.2011	65,8000	59,5400	
20.07.2011	66,1800	65,3400	
21.07.2011	67,0000	65,8000	
22.07.2011	66,6000	67,0000	
25.07.2011	67,0200	66,7000	
26.07.2011	67,5000	66,2000	
27.07.2011	67,4600	67,2000	
28.07.2011	66,4100	67,6200	
29.07.2011	67,6100	66,2500	
01.08.2011	69,8400	67,5000	
02.08.2011	69,0000	69,0100	
03.08.2011	69,0000	69,0400	
04.08.2011	62,6100	69,9200	
05.08.2011	59,2400	55,0000	
08.08.2011	52,5000	57,6000	
09.08.2011	52,9000	51,0000	
10.08.2011	52,5200	54,5000	
11.08.2011	55,0000	54,7200	
12.08.2011	57,2800	55,6800	
15.08.2011	58,1000	58,0900	
16.08.2011	57,5000	58,5000	
17.08.2011	57,2100	58,0300	
18.08.2011	57,0700	56,1200	
19.08.2011	56,1900	56,2400	
22.08.2011	54,0000	55,3500	
23.08.2011	54,4400	54,1100	
24.08.2011	54,8300	54,3000	
25.08.2011	55,0100	54,4500	
26.08.2011	53,1000	55,2300	
29.08.2011	54,2600	52,7300	
30.08.2011	54,8300	54,6400	
31.08.2011	57,5000	54,9400	
01.09.2011	56,7500	57,0100	
02.09.2011	55,5000	55,3500	
05.09.2011	53,3000	54,9900	
06.09.2011	53,8600	53,8300	
07.09.2011	55,1900	55,0000	
08.09.2011	56,3600	54,9700	
09.09.2011	54,3500	56,3300	
12.09.2011	52,7500	53,0000	
13.09.2011	52,9900	53,0000	
14.09.2011	55,0000	52,0000	
15.09.2011	55,0300	55,5000	
16.09.2011	56,9500	55,3100	
19.09.2011	57,4100	55,7200	
20.09.2011	59,7900	57,7000	
21.09.2011	60,6100	59,2000	
22.09.2011	57,7000	59,0500	
23.09.2011	54,8000	58,0500	
26.09.2011	54,5100	54,0600	
27.09.2011	57,0100	55,3600	
28.09.2011	57,5600	57,6800	
29.09.2011	58,0500	57,4700	
30.09.2011	57,0000	57,6000	
03.10.2011	55,5000	55,7000	
04.10.2011	55,0500	54,7000	
05.10.2011	57,0000	54,8500	
06.10.2011	59,0500	57,6800	
07.10.2011	59,0000	59,7000	
10.10.2011	58,9900	59,0000	
11.10.2011	58,6900	58,6400	
12.10.2011	59,0000	58,0500	
13.10.2011	58,5000	59,1700	
14.10.2011	58,9900	58,0000	
17.10.2011	57,6000	58,9700	
18.10.2011	58,5000	57,0000	
19.10.2011	58,0000	58,1300	
20.10.2011	57,9500	55,7500	
21.10.2011	58,8500	58,3900	
24.10.2011	58,2200	59,2000	
25.10.2011	56,4700	58,6600	
26.10.2011	56,8900	57,4800	
27.10.2011	58,6000	59,0300	
28.10.2011	58,3900	58,5000	
31.10.2011	57,6000	58,0000	
01.11.2011	52,0200	57,9900	
02.11.2011	52,5500	51,8600	
03.11.2011	52,8900	53,2000	
04.11.2011	51,5000	52,3800	
07.11.2011	51,0000	51,3000	
08.11.2011	51,9900	51,5100	
09.11.2011	50,7100	52,0700	
10.11.2011	50,7500	50,7100	
11.11.2011	51,8200	51,6000	
14.11.2011	52,1200	52,0000	
15.11.2011	51,5000	52,3900	
16.11.2011	52,5000	51,9900	
17.11.2011	52,0100	53,0400	
18.11.2011	51,8000	52,2900	
21.11.2011	51,0000	51,6200	
22.11.2011	50,0000	52,0300	
23.11.2011	48,5100	48,5000	
24.11.2011	48,9050	48,6000	
25.11.2011	47,8400	49,3000	
28.11.2011	48,5000	48,0500	
29.11.2011	48,7000	48,9650	
30.11.2011	49,7500	49,0000	
01.12.2011	48,6600	49,9500	
02.12.2011	49,0250	49,5000	
05.12.2011	48,3900	49,6750	
06.12.2011	47,4900	47,9850	
07.12.2011	47,9000	47,5250	
08.12.2011	46,3000	47,3100	
09.12.2011	47,4650	47,0000	
12.12.2011	46,5000	47,1850	
13.12.2011	46,3800	47,0000	
14.12.2011	46,0000	46,2500	
15.12.2011	46,5250	46,0000	
16.12.2011	45,9800	46,1500	
19.12.2011	46,0300	46,3900	
20.12.2011	47,1700	46,1100	
21.12.2011	46,2500	47,3300	
22.12.2011	47,4000	46,7300	
23.12.2011	47,8600	47,4600	
27.12.2011	48,4250	48,5150	
28.12.2011	47,5000	47,6100	
29.12.2011	49,7000	47,9100	
30.12.2011	49,9200	48,8000	
02.01.2012	49,1050	49,1900	
03.01.2012	52,5000	48,5000	
04.01.2012	51,1000	52,0000	
05.01.2012	49,8800	51,0000	
06.01.2012	50,3900	50,1500	
09.01.2012	50,5000	50,6500	
10.01.2012	50,5000	51,0800	
11.01.2012	50,1000	50,9000	
12.01.2012	48,7000	50,9900	
13.01.2012	48,4100	48,8200	
16.01.2012	49,1950	48,6550	
17.01.2012	52,4000	49,4400	
18.01.2012	52,0000	52,0000	
19.01.2012	52,1600	51,2700	
20.01.2012	50,9000	51,5000	
23.01.2012	51,6900	50,8500	
24.01.2012	51,5000	51,5000	
25.01.2012	51,8700	50,9000	
26.01.2012	51,2500	51,5000	
27.01.2012	51,6000	51,2500	
30.01.2012	50,5200	52,0000	
31.01.2012	50,9100	50,8100	
01.02.2012	51,8900	51,9400	
02.02.2012	51,5000	51,3300	
03.02.2012	51,1000	50,7900	
06.02.2012	52,0900	51,1300	
07.02.2012	52,8000	51,6300	
08.02.2012	54,9800	52,8900	
09.02.2012	55,5900	55,8200	
10.02.2012	55,6500	56,0000	
13.02.2012	55,9800	55,3400	
14.02.2012	55,9100	56,2600	
15.02.2012	57,7100	56,2300	
16.02.2012	58,3600	57,8800	
17.02.2012	58,2000	58,4000	
20.02.2012	58,6000	58,7800	
21.02.2012	59,5000	58,4700	
22.02.2012	62,8700	59,5000	
23.02.2012	62,0900	62,2800	
24.02.2012	63,3000	62,5000	
27.02.2012	63,6000	63,0400	
28.02.2012	63,2900	63,1100	
29.02.2012	64,0100	62,6700	
01.03.2012	63,6900	63,5000	
02.03.2012	64,4600	63,2700	
05.03.2012	65,1500	64,1700	
06.03.2012	63,5900	64,0500	
07.03.2012	63,5000	63,2000	
08.03.2012	64,7700	64,1000	
09.03.2012	65,6900	64,4900	
12.03.2012	66,8800	65,7000	
13.03.2012	67,7800	66,2900	
14.03.2012	68,1000	68,5900	
15.03.2012	68,2000	67,8900	
16.03.2012	68,5000	68,2000	
19.03.2012	68,5000	69,2800	
20.03.2012	66,8000	68,4600	
21.03.2012	66,1800	66,5000	
22.03.2012	68,0000	66,1400	
23.03.2012	69,2000	67,4200	
26.03.2012	69,6500	68,9000	
27.03.2012	70,6000	69,6500	
28.03.2012	71,8900	70,5900	
29.03.2012	71,1600	71,1800	
30.03.2012	71,5000	71,7200	
02.04.2012	72,0000	72,9700	
03.04.2012	71,2000	71,3000	
04.04.2012	70,5000	69,9100	
05.04.2012	69,2500	69,8400	
10.04.2012	67,9000	68,4400	
11.04.2012	71,4800	68,6100	
12.04.2012	71,7600	71,5000	
13.04.2012	73,2600	71,5000	
16.04.2012	71,5000	72,8400	
17.04.2012	71,5000	71,5000	
18.04.2012	72,7000	71,5900	
19.04.2012	75,8000	73,2700	
20.04.2012	76,0900	75,8000	
23.04.2012	74,2500	76,4000	
24.04.2012	73,0500	74,2500	
25.04.2012	75,2000	74,0000	
26.04.2012	75,2000	75,0000	
27.04.2012	75,5000	75,0000	
30.04.2012	75,5000	75,9900	
02.05.2012	77,0000	75,5100	
03.05.2012	77,3000	76,8000	
04.05.2012	76,9900	77,2500	
07.05.2012	76,0000	76,7900	
08.05.2012	73,5000	75,9900	
09.05.2012	75,9000	74,8000	
10.05.2012	72,7100	75,6200	
11.05.2012	71,8800	73,7500	
14.05.2012	69,0000	71,1800	
15.05.2012	70,0000	69,5000	
16.05.2012	69,9000	69,4400	
17.05.2012	69,6700	70,1500	
18.05.2012	70,0000	70,1800	
21.05.2012	69,7000	69,2800	
22.05.2012	71,0000	69,7000	
23.05.2012	70,9500	71,0000	
24.05.2012	71,2500	70,9500	
25.05.2012	71,1400	71,4300	
28.05.2012	69,7700	70,3700	
29.05.2012	71,2900	69,7500	
30.05.2012	70,0300	71,3000	
31.05.2012	72,8300	69,8000	
01.06.2012	70,5000	72,5400	
04.06.2012	69,9900	68,8400	
05.06.2012	67,9900	69,5700	
06.06.2012	67,4000	67,1200	
07.06.2012	67,3100	67,2900	
08.06.2012	67,3100	68,0000	
11.06.2012	70,0200	68,0000	
12.06.2012	70,4000	69,4100	
13.06.2012	70,1000	70,2900	
14.06.2012	68,9900	69,9900	
15.06.2012	68,7500	68,6400	
18.06.2012	68,9000	69,9900	
19.06.2012	69,2500	68,9000	
20.06.2012	71,9000	69,4100	
21.06.2012	71,3500	70,8600	
22.06.2012	69,9500	71,1300	
25.06.2012	68,7500	69,6700	
26.06.2012	68,7500	68,7500	
27.06.2012	69,0000	69,4500	
28.06.2012	69,1500	69,2700	
29.06.2012	69,7300	70,0000	
02.07.2012	70,2500	70,4900	
03.07.2012	71,0000	70,0400	
04.07.2012	71,1000	70,9900	
05.07.2012	70,7900	71,1000	
06.07.2012	69,0000	70,6500	
09.07.2012	69,0000	68,9600	
10.07.2012	68,7600	69,0000	
11.07.2012	67,9300	69,0000	
12.07.2012	68,9400	68,9400	
13.07.2012	68,1100	69,0000	
16.07.2012	69,2100	68,9000	
17.07.2012	68,3600	69,5000	
18.07.2012	69,2500	68,0100	
19.07.2012	70,1900	69,1000	
20.07.2012	69,1000	70,3700	
23.07.2012	65,5600	69,1000	
24.07.2012	66,1600	67,3500	
25.07.2012	67,9900	66,0200	
26.07.2012	68,2900	68,0000	
27.07.2012	70,3000	68,2900	
30.07.2012	69,5100	69,6500	
31.07.2012	69,2400	70,1000	
01.08.2012	69,9900	69,2700	
02.08.2012	68,1700	69,5000	
03.08.2012	68,0000	67,8400	
06.08.2012	68,3000	69,0000	
07.08.2012	68,7300	68,2100	
08.08.2012	66,3000	69,5000	
09.08.2012	65,8000	65,9600	
10.08.2012	65,2500	65,8000	
13.08.2012	65,2500	65,2500	
14.08.2012	66,1500	65,2500	
15.08.2012	67,0000	66,0000	
16.08.2012	67,4900	67,7400	
17.08.2012	67,0000	67,4400	
20.08.2012	65,0700	68,2400	
21.08.2012	64,7000	65,5000	
22.08.2012	62,2900	64,7000	
23.08.2012	63,0000	62,8600	
24.08.2012	62,8900	61,7000	
27.08.2012	63,7300	62,5200	
28.08.2012	64,9500	64,2600	
29.08.2012	66,0300	65,0000	
30.08.2012	64,8200	66,6200	
31.08.2012	63,8000	65,0900	
03.09.2012	64,9300	63,4700	
04.09.2012	64,8400	64,8300	
05.09.2012	63,6200	64,8200	
06.09.2012	64,0000	62,8800	
07.09.2012	64,9600	64,3700	
10.09.2012	64,4700	64,7200	
11.09.2012	63,3600	63,5200	
12.09.2012	63,1100	64,3600	
13.09.2012	63,1600	63,8100	
14.09.2012	62,8400	63,5000	
17.09.2012	62,4000	63,0000	
18.09.2012	62,4800	62,4300	
19.09.2012	64,7300	63,4000	
20.09.2012	65,3400	64,0000	
21.09.2012	66,3400	65,1100	
24.09.2012	67,3000	66,3000	
25.09.2012	66,7800	67,0000	
26.09.2012	66,3900	66,7700	
27.09.2012	66,3700	66,5600	
28.09.2012	66,2000	65,9100	
01.10.2012	65,2000	65,5100	
02.10.2012	65,8900	64,6200	
03.10.2012	65,2500	66,2800	
04.10.2012	67,6300	65,5000	
05.10.2012	68,1200	68,2300	
08.10.2012	66,6300	67,6900	
09.10.2012	66,5300	67,0600	
10.10.2012	65,5700	66,5000	
11.10.2012	65,0800	65,6000	
12.10.2012	64,6700	65,0600	
15.10.2012	64,8300	65,8400	
16.10.2012	64,7600	65,0000	
17.10.2012	64,5000	65,0000	
18.10.2012	64,4900	64,5000	
19.10.2012	62,6400	63,9500	
22.10.2012	63,1400	63,0200	
23.10.2012	62,5000	64,1000	
24.10.2012	62,9900	62,8000	
25.10.2012	62,8800	62,3800	
26.10.2012	63,0000	63,4900	
29.10.2012	63,0000	62,9000	
30.10.2012	62,9200	62,3500	
31.10.2012	62,1600	62,5800	
01.11.2012	62,0400	62,2600	
02.11.2012	60,5500	61,2100	
05.11.2012	60,4500	60,5500	
06.11.2012	61,0000	60,4000	
07.11.2012	61,0400	61,0000	
08.11.2012	60,7000	61,6900	
09.11.2012	61,3300	61,4900	
12.11.2012	60,8800	61,0500	
13.11.2012	60,4900	60,5000	
14.11.2012	60,4900	60,4400	
15.11.2012	57,0000	60,5000	
16.11.2012	56,2000	56,2000	
19.11.2012	58,0000	56,2000	
20.11.2012	57,0100	58,0100	
21.11.2012	57,5000	58,0000	
22.11.2012	57,5400	58,0000	
23.11.2012	57,0500	58,0200	
26.11.2012	57,2500	57,5000	
27.11.2012	58,0000	57,6500	
28.11.2012	56,9400	58,5000	
29.11.2012	57,2500	57,4700	
30.11.2012	58,7200	57,8100	
03.12.2012	58,0400	59,0000	
04.12.2012	57,3300	58,4800	
05.12.2012	57,5300	57,9200	
06.12.2012	58,5000	57,9900	
07.12.2012	58,7800	58,9800	
10.12.2012	57,1800	58,5600	
11.12.2012	57,4500	57,0000	
12.12.2012	57,5000	57,9500	
13.12.2012	57,5500	57,5000	
14.12.2012	58,4200	57,7600	
17.12.2012	57,4000	58,7700	
18.12.2012	57,1000	57,5000	
19.12.2012	56,0000	57,6100	
20.12.2012	57,0000	56,2900	
21.12.2012	56,7100	57,1700	
27.12.2012	57,1500	56,5200	
28.12.2012	57,0000	57,1500	
02.01.2013	57,0000	57,5000	
03.01.2013	57,0500	57,5000	
04.01.2013	60,5200	57,1000	
07.01.2013	62,2800	61,4700	
08.01.2013	62,5500	62,1000	
09.01.2013	64,0000	63,2200	
10.01.2013	64,6900	64,3700	
11.01.2013	65,2900	65,2000	
14.01.2013	64,9900	65,7500	
15.01.2013	64,5000	65,0000	
16.01.2013	64,0400	64,8800	
17.01.2013	64,2500	64,0000	
18.01.2013	64,9700	64,7800	
21.01.2013	65,0500	65,0000	
22.01.2013	65,6600	65,5000	
23.01.2013	72,1800	68,0000	
24.01.2013	72,5000	72,3300	
25.01.2013	72,6300	73,0100	
28.01.2013	72,9500	72,6000	
29.01.2013	71,0100	73,1500	
30.01.2013	72,7200	71,1800	
31.01.2013	71,7200	72,0100	
01.02.2013	72,7100	72,1800	
04.02.2013	71,6700	73,0000	
05.02.2013	72,9800	71,4100	
06.02.2013	74,5500	73,0000	
07.02.2013	75,1700	74,4000	
08.02.2013	74,9900	75,7500	
11.02.2013	74,9600	75,0000	
12.02.2013	74,9900	74,9000	
13.02.2013	77,0400	75,1900	
14.02.2013	78,4800	77,6700	
15.02.2013	78,0600	77,7200	
18.02.2013	78,0500	78,7800	
19.02.2013	79,5900	78,6200	
20.02.2013	77,9000	79,0600	
21.02.2013	79,0700	77,8800	
22.02.2013	79,6700	79,2700	
25.02.2013	80,9700	79,5900	
26.02.2013	79,0100	80,1500	
27.02.2013	78,3200	79,7800	
28.02.2013	80,2100	79,2000	
01.03.2013	80,4900	80,2900	
04.03.2013	81,2200	80,4900	
05.03.2013	79,8500	81,4900	
06.03.2013	76,2900	80,1400	
07.03.2013	75,4700	76,9900	
08.03.2013	78,3700	74,9000	
11.03.2013	78,7500	78,8800	
12.03.2013	78,3900	79,6700	
13.03.2013	82,2900	78,5000	
14.03.2013	83,2500	82,7100	
15.03.2013	82,7700	83,3500	
18.03.2013	83,1000	82,9500	
19.03.2013	80,1900	82,6000	
20.03.2013	82,5000	81,0000	
21.03.2013	81,4000	82,5500	
22.03.2013	82,2900	81,4000	
25.03.2013	82,6000	82,4000	
26.03.2013	81,8800	82,5900	
27.03.2013	82,3900	82,0000	
28.03.2013	84,5000	83,0000	
02.04.2013	85,1700	85,0000	
03.04.2013	86,5900	85,5100	
04.04.2013	86,0000	86,3900	
05.04.2013	86,2500	86,1000	
08.04.2013	87,5200	87,1000	
09.04.2013	85,6600	87,6900	
10.04.2013	86,1500	86,8000	
11.04.2013	86,4000	87,2400	
12.04.2013	86,0000	86,5000	
15.04.2013	86,0000	86,0900	
16.04.2013	83,3900	85,8000	
17.04.2013	79,5000	84,1000	
18.04.2013	77,6500	79,5000	
19.04.2013	77,5000	77,5000	
22.04.2013	78,6700	78,2600	
23.04.2013	80,0600	78,2000	
24.04.2013	80,5000	79,5100	
25.04.2013	80,4700	80,3000	
26.04.2013	80,5000	80,4700	
29.04.2013	80,7000	80,5000	
30.04.2013	80,8000	80,8000	
02.05.2013	81,6400	81,5100	
03.05.2013	83,3900	81,5000	
06.05.2013	84,0000	82,3800	
07.05.2013	84,0000	84,2300	
08.05.2013	87,4000	85,1000	
09.05.2013	86,7400	86,9000	
10.05.2013	85,7300	87,0000	
13.05.2013	86,1000	86,0700	
14.05.2013	88,5000	86,1000	
15.05.2013	88,4600	88,9500	
16.05.2013	88,0000	88,1100	
17.05.2013	88,0000	88,5000	
20.05.2013	87,8200	88,0000	
21.05.2013	88,0000	88,2400	
22.05.2013	89,6400	88,1400	
23.05.2013	87,3800	87,0000	
24.05.2013	87,5000	88,1000	
27.05.2013	88,0000	87,3000	
28.05.2013	89,6500	88,8600	
29.05.2013	88,6600	90,1000	
30.05.2013	88,5000	89,8000	
31.05.2013	87,3200	88,5200	
03.06.2013	86,8700	88,2700	
04.06.2013	86,5600	86,9300	
05.06.2013	85,8700	85,8300	
06.06.2013	87,4700	85,5000	
07.06.2013	87,2200	88,3900	
10.06.2013	87,9900	88,0100	
11.06.2013	86,9600	88,0300	
12.06.2013	83,0200	87,0600	
13.06.2013	82,5100	82,5800	
14.06.2013	83,7700	82,3500	
17.06.2013	84,5800	83,5000	
18.06.2013	88,3800	84,5500	
19.06.2013	88,7400	88,5000	
20.06.2013	86,5400	87,7900	
21.06.2013	85,7800	86,8900	
24.06.2013	81,1000	86,5000	
25.06.2013	81,6200	81,5500	
26.06.2013	87,0400	82,2400	
27.06.2013	88,3800	87,9900	
28.06.2013	89,2800	88,8900	
01.07.2013	88,5100	89,0000	
02.07.2013	82,9700	88,4900	
03.07.2013	83,0800	82,5900	
04.07.2013	84,0000	83,2300	
05.07.2013	82,5300	83,9900	
08.07.2013	82,4400	83,2100	
09.07.2013	82,6600	82,8500	
10.07.2013	82,0000	81,5900	
11.07.2013	83,9800	82,0000	
12.07.2013	84,5400	84,0000	
15.07.2013	86,0800	84,4200	
16.07.2013	83,8900	85,0800	
17.07.2013	86,2000	83,8700	
18.07.2013	87,1500	86,0000	
19.07.2013	87,1200	86,8000	
22.07.2013	86,6700	86,6100	
23.07.2013	87,8100	87,8800	
24.07.2013	89,0000	88,5200	
25.07.2013	87,1800	88,3200	
26.07.2013	86,0700	87,0200	
29.07.2013	84,4100	85,8300	
30.07.2013	83,7700	84,5000	
31.07.2013	83,0400	84,5000	
01.08.2013	81,9000	82,9200	
02.08.2013	79,8300	81,5000	
05.08.2013	80,6400	80,0000	
06.08.2013	79,5700	79,8000	
07.08.2013	80,5800	79,7100	
08.08.2013	80,0500	80,0300	
09.08.2013	80,4900	80,4500	
12.08.2013	79,1000	80,4500	
13.08.2013	79,5000	79,2500	
14.08.2013	81,6900	79,5000	
15.08.2013	81,2000	81,3500	
16.08.2013	81,4100	81,5200	
19.08.2013	81,0000	81,5000	
20.08.2013	80,1500	80,9600	
21.08.2013	81,4500	80,1000	
22.08.2013	81,7100	80,9000	
23.08.2013	81,4300	81,3000	
26.08.2013	80,7000	81,5000	
27.08.2013	79,5900	80,9200	
28.08.2013	77,9700	78,8600	
29.08.2013	78,1300	78,0000	
30.08.2013	76,2500	77,8800	
02.09.2013	77,4900	76,2500	
03.09.2013	76,9700	77,5000	
04.09.2013	76,5000	77,0000	
05.09.2013	76,5600	76,5000	
06.09.2013	77,9700	76,6000	
09.09.2013	77,0400	77,9700	
10.09.2013	78,8900	77,8400	
11.09.2013	78,5500	79,0000	
12.09.2013	78,7900	78,5000	
13.09.2013	78,2000	78,2000	
16.09.2013	79,3500	78,6000	
17.09.2013	79,5500	79,0400	
18.09.2013	81,0400	79,6000	
19.09.2013	82,2600	81,1800	
20.09.2013	84,4600	82,0000	
23.09.2013	82,1700	84,1700	
24.09.2013	80,8900	82,2900	
25.09.2013	80,4000	80,5800	
26.09.2013	80,4000	79,1900	
27.09.2013	80,2000	80,1100	
30.09.2013	77,5600	80,1900	
01.10.2013	76,0500	77,4900	
02.10.2013	75,1300	76,0000	
03.10.2013	76,0000	75,6600	
04.10.2013	76,1800	76,1900	
07.10.2013	76,2000	76,5400	
08.10.2013	75,5700	76,8700	
09.10.2013	76,3100	75,2800	
10.10.2013	76,0900	76,3200	
11.10.2013	75,0700	76,7700	
14.10.2013	74,5000	75,0000	
15.10.2013	74,5000	74,5000	
16.10.2013	73,9500	74,4700	
17.10.2013	74,0000	73,0300	
18.10.2013	75,3900	74,0500	
21.10.2013	75,0000	75,5000	
22.10.2013	73,8000	74,4300	
23.10.2013	72,9500	73,8000	
24.10.2013	72,0800	72,7500	
25.10.2013	73,0000	72,0200	
28.10.2013	73,8800	72,8500	
29.10.2013	74,0000	74,6800	
30.10.2013	74,2700	73,5600	
31.10.2013	73,0000	73,5000	
01.11.2013	74,8300	72,9500	
04.11.2013	75,2500	74,5000	
05.11.2013	75,5000	75,0100	
06.11.2013	75,5000	75,3300	
07.11.2013	75,7000	75,0400	
08.11.2013	75,5000	75,5000	
11.11.2013	77,1000	77,0000	
12.11.2013	77,4400	77,0000	
13.11.2013	77,0900	77,0900	
14.11.2013	78,0900	77,5000	
15.11.2013	78,9700	77,9800	
18.11.2013	79,2700	78,6000	
19.11.2013	79,2000	79,1900	
20.11.2013	79,0200	78,8800	
21.11.2013	79,1800	79,0000	
22.11.2013	80,0000	79,1800	
25.11.2013	80,8500	80,3200	
26.11.2013	79,3400	80,3000	
27.11.2013	78,7000	79,1000	
28.11.2013	78,2600	78,2500	
29.11.2013	78,8000	78,2500	
02.12.2013	78,4400	78,9900	
03.12.2013	78,0100	78,2600	
04.12.2013	78,1200	77,3200	
05.12.2013	77,1100	77,5300	
06.12.2013	77,9900	76,7600	
09.12.2013	77,9500	78,9500	
10.12.2013	77,0100	78,1100	
11.12.2013	77,2000	77,0100	
12.12.2013	76,5900	76,9000	
13.12.2013	76,2900	75,8000	
16.12.2013	77,0000	76,7600	
17.12.2013	75,4600	76,8900	
18.12.2013	76,7000	76,2600	
19.12.2013	76,0300	77,0100	
20.12.2013	76,1400	76,1400	
23.12.2013	75,7800	76,5000	
27.12.2013	76,4600	76,3600	
30.12.2013	77,0000	76,4900	
02.01.2014	77,0000	77,0600	
03.01.2014	77,0000	77,2400	
06.01.2014	77,0000	77,2900	
07.01.2014	77,0000	77,0200	
08.01.2014	76,9900	77,0000	
09.01.2014	76,9700	76,8800	
10.01.2014	77,0000	77,0000	
13.01.2014	77,0000	77,0000	
14.01.2014	77,0000	77,0500	
15.01.2014	76,5000	76,8000	
16.01.2014	77,0000	76,1600	
17.01.2014	76,9900	76,9900	
20.01.2014	77,0000	76,9900	
21.01.2014	77,0000	76,9000	
22.01.2014	76,9900	76,9700	
23.01.2014	75,6800	76,3000	
24.01.2014	75,2400	75,5600	
27.01.2014	74,1000	74,9500	
28.01.2014	73,1900	74,7300	
29.01.2014	73,6900	73,8100	
30.01.2014	74,5900	73,9500	
31.01.2014	75,2000	74,2500	
03.02.2014	74,6500	74,9000	
04.02.2014	73,0000	74,0000	
05.02.2014	72,2900	73,4300	
06.02.2014	71,5000	72,5000	
07.02.2014	71,0000	71,9900	
10.02.2014	70,0100	71,6100	
11.02.2014	71,9000	70,0000	
12.02.2014	70,5400	71,3100	
13.02.2014	73,3900	71,6100	
14.02.2014	75,1500	73,8300	
17.02.2014	77,7000	75,6600	
18.02.2014	78,0100	78,2200	
19.02.2014	78,3900	78,0000	
20.02.2014	77,8700	78,3800	
21.02.2014	78,0000	78,3900	
24.02.2014	77,5000	77,3400	
25.02.2014	78,0000	76,8700	
26.02.2014	77,8800	77,3900	
27.02.2014	77,5000	77,9900	
28.02.2014	77,5100	77,9100	
03.03.2014	77,5000	77,4700	
04.03.2014	76,6000	77,8500	
05.03.2014	76,0500	75,9700	
06.03.2014	78,4900	77,0800	
07.03.2014	78,1500	78,9300	
10.03.2014	76,8600	77,2400	
11.03.2014	76,6300	76,2300	
12.03.2014	74,6900	76,2900	
13.03.2014	74,2500	74,6000	
14.03.2014	74,3000	73,8000	
17.03.2014	75,3400	74,9100	
18.03.2014	76,5000	75,3800	
19.03.2014	77,0100	76,1100	
20.03.2014	76,1500	76,3900	
21.03.2014	75,3200	75,6900	
24.03.2014	73,2400	74,6800	
25.03.2014	75,8100	73,8400	
26.03.2014	75,1700	75,3200	
27.03.2014	75,0900	75,7900	
28.03.2014	74,4000	75,7100	
31.03.2014	75,0000	74,6800	
01.04.2014	75,1500	75,1000	
02.04.2014	74,0000	75,4800	
03.04.2014	76,3800	74,6100	
04.04.2014	76,5000	76,8800	
07.04.2014	76,5200	76,8700	
08.04.2014	75,9800	75,8100	
09.04.2014	75,1900	76,5400	
10.04.2014	75,0900	74,6800	
11.04.2014	74,9900	74,9700	
14.04.2014	76,5500	75,1000	
15.04.2014	75,2000	76,0000	
16.04.2014	75,4000	75,2200	
17.04.2014	74,0300	75,5200	
22.04.2014	73,8000	74,6700	
23.04.2014	73,9400	74,4000	
24.04.2014	74,0000	74,5000	
25.04.2014	73,4000	74,6400	
28.04.2014	73,8100	73,4000	
29.04.2014	73,5000	73,8000	
30.04.2014	73,9300	73,9200	
02.05.2014	73,5600	73,9900	
05.05.2014	73,2200	72,9300	
06.05.2014	75,1500	73,8500	
07.05.2014	69,2200	74,4900	
08.05.2014	68,3800	69,4900	
09.05.2014	69,2500	69,4700	
12.05.2014	68,3000	69,0000	
13.05.2014	68,0000	68,9800	
14.05.2014	68,5100	68,4700	
15.05.2014	68,7900	68,9100	
16.05.2014	67,8200	69,0000	
19.05.2014	67,0000	67,8500	
20.05.2014	66,1500	67,6700	
21.05.2014	66,3000	66,1500	
22.05.2014	66,3000	66,9200	
23.05.2014	67,0000	66,2000	
26.05.2014	67,0100	67,2000	
27.05.2014	67,0100	67,3700	
28.05.2014	66,6000	67,3900	
29.05.2014	66,6400	67,2700	
30.05.2014	66,7700	67,0000	
02.06.2014	66,5200	67,9100	
03.06.2014	68,2800	68,3000	
04.06.2014	68,7700	68,5000	
05.06.2014	68,6400	68,9000	
06.06.2014	68,9400	69,2200	
09.06.2014	68,7500	69,4700	
10.06.2014	67,7200	68,0300	
11.06.2014	70,3900	68,6500	
12.06.2014	71,4200	71,2500	
13.06.2014	71,8100	71,8900	
16.06.2014	71,7000	71,8900	
17.06.2014	71,5300	71,3000	
18.06.2014	71,9700	71,7000	
19.06.2014	73,5200	72,2000	
20.06.2014	73,9900	72,9300	
23.06.2014	74,3400	73,5000	
24.06.2014	74,0000	74,3300	
25.06.2014	73,0000	74,0000	
26.06.2014	73,0000	73,7300	
27.06.2014	72,9300	73,2000	
30.06.2014	72,9000	73,1500	
01.07.2014	73,0200	73,0000	
02.07.2014	73,7200	73,9000	
03.07.2014	73,2300	73,7500	
04.07.2014	73,0000	73,5000	
07.07.2014	74,3600	74,0000	
08.07.2014	73,2000	74,4500	
09.07.2014	73,4900	73,9700	
10.07.2014	71,9100	73,9700	
11.07.2014	72,5000	72,8700	
14.07.2014	72,7400	71,6000	
15.07.2014	60,5000	65,9700	
16.07.2014	61,7000	61,4600	
17.07.2014	61,4500	61,7000	
18.07.2014	61,4700	61,6000	
21.07.2014	61,2000	61,3800	
22.07.2014	60,3100	61,7300	
23.07.2014	60,3100	60,3000	
24.07.2014	59,8000	60,3800	
25.07.2014	60,0200	60,1800	
28.07.2014	60,4900	60,5000	
29.07.2014	60,3700	60,5000	
30.07.2014	60,5000	60,5900	
31.07.2014	59,2900	60,5000	
01.08.2014	57,7600	59,7500	
04.08.2014	56,6000	58,0800	
05.08.2014	56,5500	57,6000	
06.08.2014	57,0800	56,5500	
07.08.2014	57,7500	56,5000	
08.08.2014	57,4800	57,5000	
11.08.2014	58,2000	58,0000	
12.08.2014	58,1100	58,5000	
13.08.2014	59,0000	58,5000	
14.08.2014	59,4000	59,0000	
15.08.2014	59,0100	59,5000	
18.08.2014	59,4900	58,8000	
19.08.2014	59,5700	59,0800	
20.08.2014	60,2300	59,0900	
21.08.2014	60,7800	60,1500	
22.08.2014	60,5000	60,8000	
25.08.2014	61,0400	60,8000	
26.08.2014	61,9000	61,4000	
27.08.2014	61,9700	61,9900	
28.08.2014	63,4000	62,0000	
29.08.2014	63,1800	63,4000	
01.09.2014	63,3600	63,4400	
02.09.2014	63,0300	63,9000	
03.09.2014	63,2800	63,5700	
04.09.2014	63,5200	63,5000	
05.09.2014	63,8900	63,5300	
08.09.2014	64,0000	64,0000	
09.09.2014	64,7000	64,0000	
10.09.2014	64,9200	65,0000	
11.09.2014	64,5900	65,6300	
12.09.2014	64,9300	64,7000	
15.09.2014	65,3500	65,2700	
16.09.2014	64,0000	65,4500	
17.09.2014	63,7700	64,5000	
18.09.2014	64,5000	64,2900	
19.09.2014	66,0000	65,4300	
22.09.2014	64,0900	65,2900	
23.09.2014	64,4600	64,4700	
24.09.2014	64,4900	64,5000	
25.09.2014	64,5000	64,9300	
26.09.2014	63,8900	64,0300	
29.09.2014	64,4400	64,1900	
30.09.2014	63,9500	64,2500	
01.10.2014	63,9500	63,5300	
02.10.2014	62,3000	63,9500	
06.10.2014	62,9900	62,9400	
07.10.2014	62,8200	63,2400	
08.10.2014	62,4500	62,7000	
09.10.2014	62,9500	62,5100	
10.10.2014	61,6300	62,2600	
13.10.2014	60,7000	61,6200	
14.10.2014	60,1800	61,0000	
15.10.2014	58,5600	60,4700	
16.10.2014	56,1300	58,0900	
17.10.2014	57,8700	56,5000	
20.10.2014	57,7300	58,5700	
21.10.2014	59,4000	57,2300	
22.10.2014	60,4600	59,6200	
23.10.2014	61,3100	60,3800	
24.10.2014	60,3000	61,6300	
27.10.2014	60,2800	60,8800	
28.10.2014	60,8000	60,8000	
29.10.2014	60,4700	61,3100	
30.10.2014	63,9200	64,2000	
31.10.2014	66,0000	64,8000	
03.11.2014	65,5000	66,5000	
04.11.2014	64,9100	65,5000	
05.11.2014	64,9000	65,2500	
06.11.2014	64,9000	64,3700	
07.11.2014	64,9300	64,8900	
10.11.2014	65,3600	64,7500	
11.11.2014	66,3500	64,8000	
12.11.2014	66,6800	66,4700	
13.11.2014	66,6900	66,7200	
14.11.2014	67,2100	66,8900	
17.11.2014	66,9800	67,2600	
18.11.2014	67,2700	66,6900	
19.11.2014	67,0000	66,6900	
20.11.2014	66,7900	66,9400	
21.11.2014	67,2600	67,2900	
24.11.2014	66,9500	66,7800	
25.11.2014	66,9600	66,9000	
26.11.2014	66,9300	66,8000	
27.11.2014	66,9600	66,5000	
28.11.2014	67,2800	66,6500	
01.12.2014	67,2900	66,6400	
02.12.2014	67,0000	67,0000	
03.12.2014	66,7400	67,2600	
04.12.2014	65,6600	67,2600	
05.12.2014	65,5800	66,2000	
08.12.2014	65,6500	66,1100	
09.12.2014	64,0700	65,9100	
10.12.2014	64,5300	64,7000	
11.12.2014	64,9000	64,2900	
12.12.2014	64,5400	64,3400	
15.12.2014	63,6400	64,2100	
16.12.2014	62,1900	63,4000	
17.12.2014	62,1100	62,4600	
18.12.2014	62,8100	63,0000	
19.12.2014	62,5000	62,5400	
22.12.2014	62,9500	62,8000	
23.12.2014	63,0000	63,0000	
29.12.2014	63,6600	62,9500	
30.12.2014	63,7600	63,7800	
02.01.2015	65,2200	64,2900	
05.01.2015	64,6000	65,2400	
06.01.2015	64,0000	64,4100	
07.01.2015	64,8400	64,0000	
08.01.2015	67,1600	64,8000	
09.01.2015	66,9900	67,2900	
12.01.2015	67,1100	66,9900	
13.01.2015	67,9000	67,8200	
14.01.2015	68,0100	67,4000	
15.01.2015	67,5000	68,1800	
16.01.2015	66,5000	67,1000	
19.01.2015	66,4600	67,0600	
20.01.2015	67,7500	66,0200	
21.01.2015	67,4700	68,1000	
22.01.2015	66,9200	67,9800	
23.01.2015	68,7500	67,0400	
26.01.2015	69,0000	68,5500	
27.01.2015	67,3000	69,5900	
28.01.2015	69,6800	67,3000	
29.01.2015	70,9900	70,0800	
30.01.2015	71,0000	70,8300	
02.02.2015	70,2500	70,5200	
03.02.2015	71,2500	70,8500	
04.02.2015	71,1000	71,0000	
05.02.2015	72,0000	71,2200	
06.02.2015	71,9000	71,9800	
09.02.2015	70,7800	71,9000	
10.02.2015	71,0600	70,5000	
11.02.2015	71,0000	71,6400	
12.02.2015	71,0500	71,0000	
13.02.2015	71,0000	71,6000	
16.02.2015	71,0000	71,6100	
17.02.2015	70,9900	70,8600	
18.02.2015	72,0800	70,9900	
19.02.2015	72,0000	71,5400	
20.02.2015	72,0000	72,1700	
23.02.2015	71,2000	72,1800	
24.02.2015	72,0100	71,6700	
25.02.2015	73,1500	72,3200	
26.02.2015	73,0000	72,6600	
27.02.2015	73,3100	73,6300	
02.03.2015	74,0000	73,9400	
03.03.2015	73,7500	74,4000	
04.03.2015	73,3100	73,3000	
05.03.2015	73,7900	73,8300	
06.03.2015	73,6900	74,0000	
09.03.2015	73,9500	74,1500	
10.03.2015	73,3400	73,9500	
11.03.2015	77,0500	70,7800	
12.03.2015	78,9000	76,9900	
13.03.2015	80,8400	78,9000	
16.03.2015	83,1000	80,7700	
17.03.2015	82,1100	83,3000	
18.03.2015	82,2500	82,1000	
19.03.2015	83,2000	81,5400	
20.03.2015	82,7600	83,5000	
23.03.2015	82,5000	83,3000	
24.03.2015	82,9000	81,7200	
25.03.2015	82,2900	82,8500	
26.03.2015	82,2300	82,3500	
27.03.2015	82,7200	81,5500	
30.03.2015	82,4100	82,3700	
31.03.2015	82,8800	82,5000	
01.04.2015	83,4000	82,9000	
02.04.2015	83,8900	83,5900	
07.04.2015	84,6000	84,5000	
08.04.2015	85,0000	84,5900	
09.04.2015	87,4100	84,2800	
10.04.2015	87,2000	87,9000	
13.04.2015	85,9700	86,0000	
14.04.2015	87,1900	86,3600	
15.04.2015	88,5300	87,4000	
16.04.2015	85,7800	88,1200	
17.04.2015	83,2600	85,9100	
20.04.2015	84,0000	83,9700	
21.04.2015	83,9900	84,0000	
22.04.2015	84,4600	83,9900	
23.04.2015	84,5000	84,0100	
24.04.2015	86,9900	84,2000	
27.04.2015	88,4900	87,0000	
28.04.2015	87,1800	87,4000	
29.04.2015	80,7500	83,0000	
30.04.2015	78,5400	79,9500	
04.05.2015	77,3000	76,6900	
05.05.2015	76,8200	77,5700	
06.05.2015	77,0000	77,0000	
07.05.2015	76,7100	76,3400	
08.05.2015	77,2300	77,4500	
11.05.2015	75,8000	78,1400	
12.05.2015	75,7500	76,4900	
13.05.2015	76,4400	75,3900	
14.05.2015	77,2200	76,6500	
15.05.2015	78,6000	78,4000	
18.05.2015	77,7700	77,6800	
19.05.2015	79,9400	78,5300	
20.05.2015	80,5000	79,2500	
21.05.2015	80,7000	80,1400	
22.05.2015	80,6600	81,7200	
26.05.2015	78,2600	79,9800	
27.05.2015	79,6200	77,5900	
28.05.2015	81,4900	78,6300	
29.05.2015	79,4800	80,8000	
01.06.2015	77,9400	79,2700	
02.06.2015	77,7600	77,5000	
03.06.2015	81,0300	78,4300	
04.06.2015	80,4300	80,4500	
05.06.2015	80,5000	79,5000	
08.06.2015	80,3000	79,8100	
09.06.2015	78,3300	80,0000	
10.06.2015	79,4000	77,7200	
11.06.2015	78,4900	79,0000	
12.06.2015	77,9900	77,8200	
15.06.2015	76,4800	77,3500	
16.06.2015	77,5000	76,0400	
17.06.2015	76,3000	77,5000	
18.06.2015	76,8000	76,9500	
19.06.2015	76,7500	77,0100	
22.06.2015	76,7000	77,4000	
23.06.2015	77,0000	77,9900	
24.06.2015	77,6200	77,2000	
25.06.2015	77,1200	76,9500	
26.06.2015	77,0000	77,2200	
29.06.2015	76,4200	76,7300	
30.06.2015	74,4800	75,7100	
01.07.2015	74,1900	74,7900	
02.07.2015	73,3000	74,1600	
03.07.2015	73,3600	73,3500	
06.07.2015	73,3100	73,3300	
07.07.2015	72,9100	73,0500	
08.07.2015	70,1500	72,4900	
09.07.2015	71,2400	69,9100	
10.07.2015	74,4700	72,2900	
13.07.2015	77,0000	75,4900	
14.07.2015	75,2100	76,3400	
15.07.2015	75,4700	75,8600	
16.07.2015	73,3000	69,9900	
17.07.2015	74,5900	73,2700	
20.07.2015	73,4000	75,0000	
21.07.2015	74,5300	74,0300	
22.07.2015	74,8800	75,0000	
23.07.2015	74,4400	74,9800	
24.07.2015	75,3200	74,7200	
27.07.2015	74,0000	74,5400	
28.07.2015	73,5700	73,3000	
29.07.2015	74,8300	74,2000	
30.07.2015	74,7500	75,1200	
31.07.2015	74,1600	74,0000	
03.08.2015	74,0000	74,0000	
04.08.2015	75,0200	74,6400	
05.08.2015	75,8000	74,5000	
06.08.2015	75,9100	75,0000	
07.08.2015	76,1100	74,9400	
10.08.2015	75,7000	76,0200	
11.08.2015	74,1500	75,0600	
12.08.2015	73,7300	73,5600	
13.08.2015	74,2800	73,7200	
14.08.2015	74,5500	74,2600	
17.08.2015	74,2900	75,3400	
18.08.2015	74,2000	74,2000	
19.08.2015	73,5200	73,8100	
20.08.2015	73,4000	73,5400	
21.08.2015	73,0000	69,7600	
24.08.2015	70,3900	73,8000	
25.08.2015	71,5500	70,7100	
26.08.2015	70,0300	70,4800	
27.08.2015	70,5000	70,1100	
28.08.2015	69,7000	70,1200	
31.08.2015	70,0000	69,5000	
01.09.2015	68,1000	69,1300	
02.09.2015	67,0900	68,4500	
03.09.2015	69,6900	67,6700	
04.09.2015	68,8800	69,6000	
07.09.2015	69,0500	69,0400	
08.09.2015	69,4500	69,1000	
09.09.2015	70,5500	70,3400	
10.09.2015	69,8000	70,4000	
14.09.2015	69,8000	69,8100	
15.09.2015	69,0600	70,0200	
16.09.2015	69,0000	69,4500	
18.09.2015	68,9800	68,6800	
21.09.2015	67,6600	68,4000	
22.09.2015	67,4800	67,9900	
23.09.2015	67,9900	67,0800	
24.09.2015	67,2300	67,7800	
25.09.2015	66,7600	68,1800	
28.09.2015	64,0900	66,9800	
29.09.2015	63,6700	63,7700	
30.09.2015	63,3100	64,5100	
01.10.2015	61,6600	62,7600	
02.10.2015	61,6100	61,6600	
05.10.2015	63,7800	61,0000	
06.10.2015	65,2200	64,2200	
07.10.2015	65,2000	65,7800	
08.10.2015	64,8200	65,2000	
09.10.2015	64,3100	65,2600	
12.10.2015	63,1900	64,0000	
13.10.2015	61,1600	63,0300	
14.10.2015	52,5800	51,7800	
15.10.2015	55,2600	52,8700	
16.10.2015	55,4500	55,9200	
19.10.2015	56,9000	55,9300	
20.10.2015	56,2800	57,0000	
21.10.2015	55,9200	56,7600	
22.10.2015	55,3000	56,4000	
23.10.2015	55,5400	55,1000	
26.10.2015	57,0000	55,8800	
27.10.2015	56,8000	57,6600	
28.10.2015	57,0000	56,5000	
29.10.2015	57,3600	57,4900	
30.10.2015	58,2800	57,5000	
02.11.2015	58,9800	58,7800	
03.11.2015	58,3900	59,0000	
04.11.2015	58,8800	58,8200	
05.11.2015	58,8800	58,3700	
06.11.2015	59,6000	58,3700	
09.11.2015	61,3300	60,5500	
10.11.2015	59,3800	61,3900	
11.11.2015	61,3400	59,0000	
12.11.2015	61,9500	61,2000	
13.11.2015	61,8500	61,1600	
16.11.2015	62,0000	62,0000	
17.11.2015	60,8000	62,0000	
18.11.2015	61,3100	60,8100	
19.11.2015	61,2500	61,9900	
20.11.2015	63,0000	61,9900	
23.11.2015	64,0000	63,3000	
24.11.2015	64,0000	63,4500	
25.11.2015	64,0000	63,6000	
26.11.2015	63,8100	63,5500	
27.11.2015	62,4800	63,5800	
30.11.2015	61,4000	61,9400	
01.12.2015	61,6800	61,9300	
02.12.2015	62,2800	61,8100	
03.12.2015	60,8300	62,4700	
04.12.2015	59,4700	61,3500	
07.12.2015	58,7700	59,4200	
08.12.2015	58,3000	59,0000	
09.12.2015	57,2600	57,8000	
10.12.2015	56,5500	57,6300	
11.12.2015	55,4100	56,8200	
14.12.2015	54,3700	56,0000	
15.12.2015	54,9400	55,9900	
16.12.2015	56,2000	56,2000	
17.12.2015	59,0300	58,4500	
18.12.2015	60,2700	58,4200	
21.12.2015	59,7600	60,3100	
22.12.2015	58,9500	58,9100	
23.12.2015	60,2500	59,1000	
28.12.2015	60,4600	59,3900	
29.12.2015	61,0900	61,3200	
30.12.2015	60,3100	61,7900	
04.01.2016	60,5600	59,9300	
05.01.2016	61,2500	61,4200	
06.01.2016	59,9000	60,7000	
07.01.2016	60,2000	59,4700	
08.01.2016	59,6500	60,5000	
11.01.2016	56,8000	59,4700	
12.01.2016	58,0400	56,6400	
13.01.2016	57,5700	57,3600	
14.01.2016	57,4500	58,3600	
15.01.2016	55,7400	57,7300	
18.01.2016	55,1000	55,7400	
19.01.2016	52,8800	55,3000	
20.01.2016	51,2500	52,1400	
21.01.2016	51,5000	51,7000	
22.01.2016	53,6900	52,5400	
25.01.2016	54,3100	52,8400	
26.01.2016	55,5800	54,2000	
27.01.2016	56,3800	56,3000	
28.01.2016	55,2700	55,6200	
29.01.2016	56,4300	55,3500	
01.02.2016	55,5800	56,1700	
02.02.2016	56,2600	55,4300	
03.02.2016	51,0000	53,0300	
04.02.2016	47,4400	51,8000	
05.02.2016	47,9500	47,4400	
08.02.2016	47,4150	48,3300	
09.02.2016	46,8700	47,4050	
10.02.2016	48,1500	47,4950	
11.02.2016	45,7450	47,3700	
12.02.2016	45,0400	45,8100	
15.02.2016	46,1600	45,5500	
16.02.2016	48,0600	46,3500	
17.02.2016	49,5450	47,9700	
18.02.2016	50,9500	50,2400	
19.02.2016	49,2250	50,5100	
22.02.2016	51,4300	49,0000	
23.02.2016	51,6200	52,0000	
24.02.2016	51,2700	51,0600	
25.02.2016	50,8600	51,2000	
26.02.2016	51,2500	50,6000	
29.02.2016	51,7700	51,4800	
01.03.2016	53,2000	51,1200	
02.03.2016	53,5700	53,1200	
03.03.2016	52,2900	52,8100	
04.03.2016	52,9600	52,0300	
07.03.2016	52,9000	53,4200	
08.03.2016	52,5000	52,1400	
09.03.2016	51,7100	51,7500	
10.03.2016	50,5000	51,5100	
11.03.2016	51,0600	51,6500	
14.03.2016	52,6600	51,7000	
15.03.2016	53,0000	52,8400	
16.03.2016	52,0000	52,5000	
17.03.2016	51,5000	51,6800	
18.03.2016	52,5200	51,8200	
21.03.2016	51,7000	51,8000	
22.03.2016	51,5400	51,4100	
23.03.2016	51,5000	51,9000	
24.03.2016	51,1000	51,5000	
29.03.2016	50,6000	50,7800	
30.03.2016	51,4700	50,4000	
31.03.2016	52,1000	51,4900	
01.04.2016	51,4600	52,8100	
04.04.2016	51,7600	51,4900	
05.04.2016	52,1300	52,0300	
06.04.2016	50,6700	51,8400	
07.04.2016	50,1700	50,6700	
08.04.2016	51,7900	50,8800	
11.04.2016	51,8100	52,5300	
12.04.2016	53,0000	52,5200	
13.04.2016	54,1800	53,5000	
14.04.2016	54,6800	54,3200	
15.04.2016	52,0000	52,3300	
18.04.2016	52,5100	52,6500	
19.04.2016	54,1500	52,9800	
20.04.2016	54,3300	54,6500	
21.04.2016	54,1000	53,5700	
22.04.2016	54,0000	54,6200	
25.04.2016	53,9800	54,7500	
26.04.2016	53,2800	55,0000	
27.04.2016	53,6800	53,4600	
28.04.2016	53,8000	53,3700	
29.04.2016	53,1400	53,3300	
02.05.2016	52,4300	52,9900	
03.05.2016	52,0100	52,6200	
04.05.2016	52,6300	53,0500	
06.05.2016	54,0000	53,6500	
09.05.2016	53,5800	54,2000	
10.05.2016	53,6500	53,9900	
11.05.2016	55,6400	54,0000	
12.05.2016	54,0000	54,9300	
13.05.2016	54,4300	54,5000	
17.05.2016	53,7000	54,5000	
18.05.2016	54,6500	54,0000	
19.05.2016	53,4100	54,8000	
20.05.2016	53,5100	54,0000	
23.05.2016	52,9100	53,7700	
24.05.2016	53,4000	53,4800	
25.05.2016	54,0300	52,8100	
26.05.2016	54,4000	54,3900	
27.05.2016	53,7900	54,0000	
30.05.2016	54,2600	54,4200	
31.05.2016	53,4900	53,8800	
01.06.2016	53,2500	53,3700	
02.06.2016	53,1000	53,2000	
03.06.2016	53,2500	53,2500	
06.06.2016	53,1300	53,5000	
07.06.2016	52,9000	53,1400	
08.06.2016	52,3000	52,5000	
09.06.2016	51,9000	52,1100	
10.06.2016	51,7000	52,0500	
13.06.2016	50,1500	51,0600	
14.06.2016	49,7900	50,6000	
15.06.2016	49,9900	50,3200	
16.06.2016	49,2050	49,6700	
17.06.2016	49,8100	50,0400	
20.06.2016	50,5300	51,2100	
21.06.2016	50,8000	50,3400	
22.06.2016	50,9600	50,4900	
23.06.2016	51,0000	50,9500	
24.06.2016	49,4000	48,8500	
27.06.2016	47,0550	49,0000	
28.06.2016	48,5150	47,7900	
29.06.2016	51,0000	50,0000	
30.06.2016	50,0000	50,5000	
01.07.2016	50,4600	49,8000	
04.07.2016	50,6000	50,8000	
05.07.2016	50,1100	50,3000	
06.07.2016	49,8100	50,3300	
07.07.2016	49,5600	49,8950	
08.07.2016	48,0850	49,1000	
11.07.2016	49,5000	49,9000	
12.07.2016	49,1600	49,1950	
13.07.2016	48,5000	48,7000	
14.07.2016	47,8000	48,9650	
15.07.2016	50,5400	47,8300	
18.07.2016	51,3100	50,6800	
19.07.2016	50,6000	51,0000	
20.07.2016	50,3100	50,6000	
21.07.2016	50,2700	50,7500	
22.07.2016	50,7500	50,6900	
25.07.2016	50,9800	51,4000	
26.07.2016	50,5400	50,6300	
27.07.2016	51,0000	50,4900	
28.07.2016	51,0900	51,2000	
29.07.2016	51,0200	50,9400	
01.08.2016	51,0000	51,7800	
02.08.2016	50,9100	51,1900	
03.08.2016	50,8600	50,5000	
04.08.2016	50,6200	50,9800	
05.08.2016	51,8100	51,0000	
08.08.2016	51,9500	52,0900	
09.08.2016	52,1500	51,9100	
10.08.2016	51,6400	51,5100	
11.08.2016	53,5000	52,0900	
12.08.2016	53,9600	53,8900	
15.08.2016	53,6900	53,9800	
16.08.2016	54,0600	53,7000	
17.08.2016	53,2500	55,4800	
18.08.2016	52,1400	53,2700	
19.08.2016	51,8300	52,2000	
22.08.2016	51,5300	52,6000	
23.08.2016	52,2400	51,5400	
24.08.2016	52,0800	52,0000	
25.08.2016	51,7200	52,3200	
26.08.2016	51,8400	51,0100	
29.08.2016	51,9000	52,3000	
30.08.2016	52,2300	52,0000	
31.08.2016	52,1300	52,3000	
01.09.2016	53,1700	52,7300	
02.09.2016	53,5600	53,3900	
05.09.2016	54,1000	54,6900	
06.09.2016	55,5000	53,6800	
07.09.2016	54,7400	55,5700	
08.09.2016	55,5000	54,0200	
09.09.2016	56,1100	55,5000	
12.09.2016	55,7200	55,5100	
13.09.2016	55,6600	56,4900	
14.09.2016	53,6800	55,5000	
15.09.2016	53,5900	53,6000	
16.09.2016	53,5000	54,1200	
19.09.2016	54,6500	54,0000	
20.09.2016	55,7700	54,9800	
21.09.2016	55,9100	55,6600	
22.09.2016	56,2600	55,9600	
23.09.2016	55,9100	56,2500	
26.09.2016	55,8000	55,8000	
27.09.2016	56,3200	56,0600	
28.09.2016	56,9200	55,8000	
29.09.2016	57,1800	56,2800	
30.09.2016	56,8600	56,0100	
04.10.2016	57,5000	56,8500	
05.10.2016	57,7500	57,5000	
06.10.2016	58,3600	57,5000	
07.10.2016	57,5700	57,9000	
10.10.2016	58,2000	57,9400	
11.10.2016	58,0000	57,0100	
12.10.2016	58,1300	58,3900	
13.10.2016	57,6100	57,9600	
14.10.2016	56,8100	57,5100	
17.10.2016	56,9400	57,7000	
18.10.2016	57,0400	58,3000	
19.10.2016	57,7000	56,9500	
20.10.2016	57,6200	57,3300	
21.10.2016	58,0900	56,9500	
24.10.2016	57,4000	58,2200	
25.10.2016	58,1600	57,3800	
26.10.2016	57,2100	57,0100	
27.10.2016	57,2600	56,9400	
28.10.2016	57,1000	57,0000	
31.10.2016	58,1000	56,9400	
01.11.2016	58,6200	58,0900	
02.11.2016	57,3700	58,0000	
03.11.2016	58,0800	58,1200	
04.11.2016	56,2000	57,9500	
07.11.2016	57,2000	57,0000	
08.11.2016	58,1000	57,2000	
09.11.2016	58,0000	56,2500	
10.11.2016	58,1500	58,0000	
11.11.2016	58,5000	58,0200	
14.11.2016	58,5000	57,6000	
15.11.2016	59,2500	58,5000	
16.11.2016	59,5000	59,4100	
17.11.2016	59,7000	59,5000	
18.11.2016	61,0000	59,7000	
21.11.2016	62,0000	61,0000	
22.11.2016	62,1000	62,9000	
23.11.2016	60,4800	63,0000	
24.11.2016	61,8000	61,3000	
25.11.2016	61,0000	61,8700	
28.11.2016	61,4000	61,2000	
29.11.2016	61,8500	61,6400	
30.11.2016	62,0000	62,5500	
01.12.2016	62,5000	61,3100	
02.12.2016	61,9600	61,8600	
05.12.2016	62,0500	61,9900	
06.12.2016	62,9000	62,2000	
07.12.2016	62,4500	62,0100	
08.12.2016	62,2000	62,7000	
09.12.2016	63,5000	62,0000	
12.12.2016	63,7500	63,5000	
13.12.2016	64,4000	63,0000	
14.12.2016	64,9300	64,3900	
15.12.2016	66,2900	64,9600	
16.12.2016	65,6600	65,5000	
19.12.2016	65,8800	66,6000	
20.12.2016	66,0200	65,0000	
21.12.2016	65,0700	66,5000	
22.12.2016	64,9800	64,9800	
23.12.2016	65,3200	65,0000	
27.12.2016	65,1000	65,0000	
28.12.2016	65,0000	65,4700	
29.12.2016	65,8000	65,2000	
30.12.2016	65,1100	65,7700	
02.01.2017	66,0100	66,0100	
03.01.2017	65,7000	65,5000	
04.01.2017	65,7000	65,7000	
05.01.2017	66,2200	65,9800	
06.01.2017	66,1000	65,1000	
09.01.2017	65,9000	65,5600	
10.01.2017	65,5000	65,1100	
11.01.2017	65,7000	65,6400	
12.01.2017	62,3200	65,6100	
13.01.2017	64,0000	62,0000	
16.01.2017	66,6200	64,0800	
17.01.2017	64,9700	65,0500	
18.01.2017	65,9500	65,0000	
19.01.2017	65,7400	64,8100	
20.01.2017	65,2500	65,5000	
23.01.2017	64,8200	65,0200	
24.01.2017	65,2900	65,3000	
25.01.2017	65,0000	65,7600	
26.01.2017	65,5000	65,7000	
27.01.2017	65,8700	66,0000	
30.01.2017	65,5000	65,9400	
31.01.2017	65,2900	65,3700	
01.02.2017	65,4000	64,8900	
02.02.2017	65,2900	65,3400	
03.02.2017	65,0600	65,9500	
06.02.2017	63,0500	65,5000	
07.02.2017	63,0000	63,0400	
08.02.2017	63,4200	62,0100	
09.02.2017	62,4900	63,4600	
10.02.2017	62,9800	62,2900	
13.02.2017	63,5500	63,0000	
14.02.2017	63,5000	64,4500	
15.02.2017	63,0200	63,5000	
16.02.2017	63,5800	63,4900	
17.02.2017	64,0000	63,5000	
20.02.2017	64,0000	64,8500	
21.02.2017	64,8900	64,0000	
22.02.2017	65,3900	64,8500	
23.02.2017	64,2400	65,3000	
24.02.2017	63,5100	64,2800	
27.02.2017	64,4200	64,1300	
28.02.2017	64,7800	64,3800	
01.03.2017	65,0800	65,0500	
02.03.2017	66,0000	65,2100	
03.03.2017	65,8500	66,0000	
06.03.2017	66,5500	64,8100	
07.03.2017	67,3600	66,8600	
08.03.2017	68,2000	67,4400	
09.03.2017	67,2000	68,1500	
10.03.2017	68,0400	68,1500	
13.03.2017	67,8500	68,1500	
14.03.2017	67,5400	67,8500	
15.03.2017	67,5500	67,7900	
16.03.2017	68,1500	67,6900	
17.03.2017	68,9200	68,1400	
20.03.2017	69,3800	68,2100	
21.03.2017	68,5000	69,4500	
22.03.2017	68,2400	66,7500	
23.03.2017	69,7800	69,6200	
24.03.2017	70,4900	69,1000	
27.03.2017	69,3800	69,9900	
28.03.2017	69,8300	69,6000	
29.03.2017	70,2500	70,0000	
30.03.2017	71,2500	70,4900	
31.03.2017	73,0000	70,6100	
03.04.2017	71,5100	73,9800	
04.04.2017	72,3000	71,1600	
05.04.2017	71,4800	72,2900	
06.04.2017	71,4000	71,4400	
07.04.2017	71,2500	70,9000	
10.04.2017	71,2000	71,0000	
11.04.2017	70,4900	71,5000	
12.04.2017	71,0000	70,8000	
13.04.2017	70,4000	70,9900	
18.04.2017	70,9000	71,1400	
19.04.2017	71,0000	70,9900	
20.04.2017	71,3900	71,1500	
21.04.2017	70,8100	71,3800	
24.04.2017	71,8300	71,5900	
25.04.2017	71,5000	71,8600	
26.04.2017	71,9800	71,1100	
27.04.2017	71,1000	72,0000	
28.04.2017	72,0000	71,0500	
02.05.2017	72,3800	72,3500	
03.05.2017	73,3000	71,8700	
04.05.2017	73,3000	72,5000	
05.05.2017	73,0000	73,2000	
08.05.2017	72,7000	72,6700	
09.05.2017	75,4900	73,0000	
10.05.2017	76,4700	74,9900	
11.05.2017	77,8600	76,5000	
12.05.2017	77,2200	78,3300	
15.05.2017	78,2000	78,0000	
16.05.2017	77,2700	77,7900	
17.05.2017	74,5000	76,5100	
18.05.2017	74,0000	74,7900	
19.05.2017	74,8900	74,5200	
22.05.2017	74,3700	75,0000	
23.05.2017	75,5400	74,2800	
24.05.2017	76,2500	76,1400	
25.05.2017	78,8700	76,1500	
26.05.2017	78,8300	78,5800	
29.05.2017	76,7200	78,5200	
30.05.2017	76,3400	77,0100	
31.05.2017	79,7900	77,5400	
01.06.2017	81,0000	79,9600	
02.06.2017	81,2100	81,0100	
06.06.2017	79,5000	80,6600	
07.06.2017	80,0600	79,8300	
08.06.2017	80,2000	79,9000	
09.06.2017	79,6000	79,8700	
12.06.2017	76,7500	79,0200	
13.06.2017	77,1800	76,7600	
14.06.2017	77,3000	77,7100	
15.06.2017	76,2500	76,5000	
16.06.2017	75,6000	75,8400	
19.06.2017	76,3500	75,0000	
20.06.2017	75,1600	75,9300	
21.06.2017	75,8700	74,5100	
22.06.2017	74,0000	74,6100	
23.06.2017	74,0100	73,5300	
26.06.2017	73,3500	73,7000	
27.06.2017	72,2700	73,4000	
28.06.2017	70,9500	72,5000	
29.06.2017	69,9600	71,1900	
30.06.2017	70,5000	69,5000	
03.07.2017	69,7000	70,4000	
04.07.2017	68,5000	67,9000	
05.07.2017	69,0600	68,4800	
06.07.2017	68,4000	69,4200	
07.07.2017	67,5100	68,1000	
10.07.2017	69,0900	68,5400	
11.07.2017	68,4900	69,3500	
12.07.2017	70,0000	68,4800	
13.07.2017	72,5000	70,2500	
14.07.2017	72,2300	72,2000	
17.07.2017	71,5200	72,4400	
18.07.2017	71,9700	71,5200	
19.07.2017	72,8500	72,8800	
20.07.2017	72,5800	72,9300	
21.07.2017	72,0000	72,5900	
24.07.2017	71,7600	72,5900	
25.07.2017	71,6700	72,3600	
26.07.2017	70,8200	72,4700	
27.07.2017	73,2000	71,3500	
28.07.2017	72,3500	72,6000	
31.07.2017	68,7500	72,5000	
01.08.2017	67,5900	69,5400	
02.08.2017	65,0100	67,5100	
03.08.2017	65,1000	65,6500	
04.08.2017	65,7300	65,4500	
07.08.2017	66,1000	66,5000	
08.08.2017	68,0500	66,4000	
09.08.2017	66,1800	67,4300	
10.08.2017	65,7000	65,6800	
11.08.2017	64,7500	65,4400	
14.08.2017	66,1900	66,1200	
15.08.2017	65,7000	66,0500	
16.08.2017	66,4200	65,7600	
17.08.2017	67,0200	66,1800	
18.08.2017	66,7100	66,6400	
21.08.2017	64,7700	66,6000	
22.08.2017	67,5000	65,3700	
23.08.2017	67,8700	68,2800	
24.08.2017	66,9900	68,0900	
25.08.2017	66,5100	67,3400	
28.08.2017	65,6400	66,5500	
29.08.2017	64,9400	65,0300	
30.08.2017	66,2100	65,4900	
31.08.2017	65,6000	66,2800	
01.09.2017	67,3000	66,5200	
04.09.2017	66,0000	66,6900	
05.09.2017	66,0200	66,2400	
06.09.2017	65,5000	65,6300	
07.09.2017	66,4300	65,5600	
08.09.2017	66,2700	66,4400	
11.09.2017	66,0000	66,7000	
12.09.2017	65,3000	66,0800	
13.09.2017	64,7000	65,9900	
14.09.2017	65,0100	64,4300	
15.09.2017	64,7000	65,2400	
18.09.2017	65,8900	65,1600	
19.09.2017	65,4500	65,4700	
20.09.2017	65,5000	65,2700	
21.09.2017	66,4300	65,6000	
22.09.2017	67,2800	65,7600	
25.09.2017	67,5500	66,4300	
26.09.2017	67,0300	67,9300	
27.09.2017	66,1700	67,8800	
28.09.2017	67,6800	66,1700	
29.09.2017	71,2000	67,9000	
02.10.2017	72,1000	71,7900	
04.10.2017	74,1400	72,0200	
05.10.2017	73,2100	73,4700	
06.10.2017	72,5400	73,1000	
09.10.2017	71,7000	72,5800	
10.10.2017	70,8900	71,7000	
11.10.2017	71,1900	70,8800	
12.10.2017	73,0700	71,2500	
13.10.2017	74,9100	75,3000	
16.10.2017	75,8300	75,4000	
17.10.2017	75,6100	76,2300	
18.10.2017	76,1200	76,1800	
19.10.2017	75,9900	75,0500	
20.10.2017	75,5200	76,1900	
23.10.2017	76,0000	76,3400	
24.10.2017	76,4700	75,8900	
25.10.2017	75,4400	76,4900	
26.10.2017	75,2400	74,0000	
27.10.2017	76,0100	76,3000	
30.10.2017	76,0500	75,4300	
01.11.2017	76,1400	76,0600	
02.11.2017	73,7200	76,3000	
03.11.2017	71,5600	72,7100	
06.11.2017	73,5800	72,4600	
07.11.2017	74,7900	74,9000	
08.11.2017	70,8500	74,6000	
09.11.2017	68,8800	71,5700	
10.11.2017	67,6800	68,3000	
13.11.2017	60,5100	60,0000	
14.11.2017	59,7000	60,8300	
15.11.2017	58,3000	59,7100	
16.11.2017	58,6600	58,3000	
17.11.2017	58,7500	59,2000	
20.11.2017	58,5500	59,0700	
21.11.2017	60,4500	58,7200	
22.11.2017	63,0000	60,8500	
23.11.2017	62,4000	63,0000	
24.11.2017	62,3500	62,1900	
27.11.2017	59,0000	62,3800	
28.11.2017	59,3300	59,5900	
29.11.2017	59,3600	59,9400	
30.11.2017	60,4200	59,3600	
01.12.2017	59,0700	60,2400	
04.12.2017	59,4900	59,2000	
05.12.2017	59,7200	60,1700	
06.12.2017	59,0000	59,9700	
07.12.2017	58,9500	59,0800	
08.12.2017	59,5200	59,3400	
11.12.2017	59,1300	59,4700	
12.12.2017	59,9700	59,4700	
13.12.2017	59,5000	59,7600	
14.12.2017	59,1700	59,5000	
15.12.2017	58,6000	59,0000	
18.12.2017	59,2100	58,7300	
19.12.2017	61,0800	60,4700	
20.12.2017	60,5200	61,5100	
21.12.2017	59,8600	60,5000	
22.12.2017	59,8800	60,5000	
27.12.2017	61,5000	60,0100	
28.12.2017	60,8700	60,6100	
29.12.2017	61,0900	61,3000	
02.01.2018	60,8000	61,4000	
03.01.2018	59,8000	60,0000	
04.01.2018	61,4000	60,3000	
05.01.2018	62,7000	61,7000	
08.01.2018	63,8000	62,8000	
09.01.2018	62,6000	64,1000	
10.01.2018	60,9000	62,2000	
11.01.2018	60,8000	61,0000	
12.01.2018	63,3000	61,2000	
15.01.2018	62,9000	63,5000	
16.01.2018	62,2000	63,1000	
17.01.2018	62,2000	61,9000	
18.01.2018	62,3000	62,9000	
19.01.2018	63,5000	62,5000	
22.01.2018	62,1000	63,8000	
23.01.2018	61,4000	62,0000	
24.01.2018	61,0000	61,7000	
25.01.2018	61,1000	61,5000	
26.01.2018	62,2000	61,7000	
29.01.2018	62,6000	62,3000	
30.01.2018	62,3000	62,8000	
31.01.2018	61,4000	62,1000	
01.02.2018	61,8000	62,7000	
02.02.2018	61,3000	61,9000	
05.02.2018	60,2000	61,2000	
06.02.2018	60,3000	60,2000	
07.02.2018	62,7000	61,0000	
08.02.2018	61,6000	61,6000	
09.02.2018	60,1000	61,7000	
12.02.2018	61,7000	61,6000	
13.02.2018	62,6000	61,6000	
14.02.2018	64,8000	62,6000	
15.02.2018	62,9000	65,5000	
16.02.2018	63,3000	62,7000	
19.02.2018	63,0000	63,3000	
20.02.2018	63,8000	63,5000	
21.02.2018	63,1000	63,3000	
22.02.2018	62,4000	62,9000	
23.02.2018	62,6000	62,4000	
26.02.2018	63,6000	63,0000	
27.02.2018	63,8000	63,6000	
28.02.2018	64,4000	64,1000	
01.03.2018	64,0000	64,2000	
02.03.2018	62,7000	63,7000	
05.03.2018	63,0000	63,1000	
06.03.2018	63,0000	64,1000	
07.03.2018	64,0000	63,0000	
08.03.2018	64,0000	63,4000	
09.03.2018	64,9000	64,0000	
12.03.2018	66,5000	65,3000	
13.03.2018	66,0000	66,9000	
14.03.2018	64,9000	66,4000	
15.03.2018	65,2000	65,2000	
16.03.2018	64,1000	66,0000	
19.03.2018	64,3000	64,0000	
20.03.2018	64,0000	65,0000	
21.03.2018	63,8000	64,0000	
22.03.2018	60,8000	64,0000	
23.03.2018	60,2000	60,5000	
26.03.2018	58,5000	61,1000	
27.03.2018	60,8000	60,8000	
28.03.2018	59,5000	60,9000	
29.03.2018	59,9000	59,0000	
03.04.2018	60,5000	60,0000	
04.04.2018	60,2000	60,0000	
05.04.2018	61,1000	61,3000	
06.04.2018	61,6000	61,2000	
09.04.2018	60,6000	61,6000	
10.04.2018	61,0000	61,1000	
11.04.2018	60,5000	62,4000	
12.04.2018	60,7000	60,4000	
13.04.2018	61,3000	59,7000	
16.04.2018	62,0000	62,4000	
17.04.2018	57,0000	58,7000	
18.04.2018	56,9000	57,3000	
19.04.2018	56,3000	57,8000	
20.04.2018	55,3000	57,3000	
23.04.2018	55,0000	56,1000	
24.04.2018	55,7000	55,2000	
25.04.2018	54,1000	55,2000	
26.04.2018	54,0000	53,6000	
27.04.2018	53,5000	54,7000	
30.04.2018	51,0000	54,3000	
02.05.2018	51,4000	51,4000	
03.05.2018	51,1000	51,5000	
04.05.2018	51,1000	51,8000	
07.05.2018	52,5000	52,0000	
08.05.2018	52,8000	53,4000	
09.05.2018	52,5000	53,0000	
10.05.2018	52,6000	53,4000	
11.05.2018	52,3000	52,7000	
14.05.2018	51,9000	52,4000	
15.05.2018	50,9000	52,0000	
16.05.2018	50,1000	50,9000	
17.05.2018	50,6000	51,1000	
18.05.2018	50,8000	51,1000	
22.05.2018	50,7000	50,9000	
23.05.2018	50,1000	50,8000	
24.05.2018	50,1000	50,6000	
25.05.2018	50,0000	50,3000	
28.05.2018	50,6000	50,9000	
29.05.2018	49,7000	50,3000	
30.05.2018	49,2000	50,0000	
31.05.2018	50,0000	50,0000	
01.06.2018	50,6000	49,9500	
04.06.2018	51,5000	51,4000	
05.06.2018	53,2000	52,9000	
06.06.2018	53,2000	53,4000	
07.06.2018	52,1000	53,0000	
08.06.2018	51,7000	52,0000	
11.06.2018	50,4000	52,1000	
12.06.2018	50,4000	51,0000	
13.06.2018	52,4000	50,3000	
14.06.2018	53,3000	52,4000	
15.06.2018	54,0000	53,6000	
18.06.2018	52,6000	54,3000	
19.06.2018	51,7000	53,5000	
20.06.2018	51,6000	52,1000	
21.06.2018	51,3000	51,6000	
22.06.2018	51,0000	51,8000	
25.06.2018	50,5000	51,2000	
26.06.2018	51,3000	50,7000	
27.06.2018	51,1000	50,9000	
28.06.2018	52,3000	50,9000	
29.06.2018	51,2000	51,6000	
02.07.2018	50,6000	50,6000	
03.07.2018	50,2000	49,9000	
04.07.2018	49,8000	50,4000	
05.07.2018	50,4000	50,6000	
06.07.2018	51,5000	51,1000	
09.07.2018	52,3000	52,0000	
10.07.2018	54,3000	53,0000	
11.07.2018	51,6000	54,4000	
12.07.2018	52,6000	53,0000	
13.07.2018	53,0000	52,6000	
16.07.2018	52,6000	51,3000	
17.07.2018	53,1000	52,8000	
18.07.2018	53,5000	53,0000	
19.07.2018	53,2000	53,5000	
20.07.2018	52,9000	53,2000	
23.07.2018	52,5000	52,5000	
24.07.2018	53,5000	53,7000	
25.07.2018	52,8000	53,9000	
26.07.2018	53,3000	53,4000	
27.07.2018	54,2000	53,6000	
30.07.2018	53,4000	53,7000	
31.07.2018	52,1000	53,2000	
01.08.2018	53,6000	53,1000	
02.08.2018	53,9000	54,0000	
03.08.2018	55,0000	54,3000	
06.08.2018	56,9000	55,4000	
07.08.2018	58,2000	57,0000	
08.08.2018	57,7000	58,0000	
09.08.2018	57,5000	56,0000	
10.08.2018	57,5000	57,6000	
13.08.2018	57,2000	57,7000	
14.08.2018	58,0000	57,5000	
15.08.2018	56,6000	57,6000	
16.08.2018	57,3000	57,2000	
17.08.2018	56,8000	56,2000	
20.08.2018	56,7000	57,3000	
21.08.2018	56,3000	56,8000	
22.08.2018	56,8000	56,5000	
23.08.2018	56,8000	56,6000	
24.08.2018	56,6000	58,0000	
27.08.2018	56,9000	57,4000	
28.08.2018	57,9000	57,1000	
29.08.2018	58,6000	57,3000	
30.08.2018	56,9000	57,8000	
31.08.2018	58,6000	57,0000	
03.09.2018	57,7000	58,2000	
04.09.2018	57,2000	58,4000	
05.09.2018	57,0000	56,9000	
06.09.2018	56,2000	56,4000	
07.09.2018	56,5000	56,4000	
10.09.2018	55,4000	56,5000	
11.09.2018	53,2000	55,7000	
12.09.2018	52,3000	53,2000	
13.09.2018	51,6000	51,9000	
14.09.2018	52,1000	52,3000	
17.09.2018	51,6000	52,4000	
18.09.2018	51,7000	52,5000	
19.09.2018	52,8000	51,7000	
20.09.2018	51,5000	52,1000	
21.09.2018	51,0000	52,4000	
24.09.2018	51,2000	51,5000	
25.09.2018	52,0000	51,5000	
26.09.2018	52,0000	52,0000	
27.09.2018	52,6000	52,0000	
28.09.2018	51,5000	51,0000	
01.10.2018	51,4000	52,2000	
02.10.2018	53,6000	51,8000	
04.10.2018	52,1000	53,6000	
05.10.2018	51,7000	51,4000	
08.10.2018	51,1000	51,6000	
09.10.2018	49,6000	50,0000	
10.10.2018	48,5000	49,3500	
11.10.2018	47,6000	48,5000	
12.10.2018	48,5500	47,5000	
15.10.2018	45,6500	49,0000	
16.10.2018	45,0500	45,8000	
17.10.2018	45,2500	46,0000	
18.10.2018	44,1000	44,9500	
19.10.2018	43,8500	44,0000	
22.10.2018	43,6000	44,0000	
23.10.2018	42,2000	44,0000	
24.10.2018	42,6000	42,3500	
25.10.2018	42,0000	43,0500	
26.10.2018	42,7000	42,9000	
29.10.2018	42,4500	42,3000	
30.10.2018	43,3500	43,1500	
31.10.2018	43,1000	43,2000	
01.11.2018	42,7000	43,5000	
02.11.2018	43,1500	43,8500	
05.11.2018	43,4500	43,6000	
06.11.2018	42,9500	43,3000	
07.11.2018	43,2500	43,0000	
08.11.2018	43,5000	43,4500	
09.11.2018	43,4000	43,5000	
12.11.2018	42,5000	43,5500	
13.11.2018	42,5500	42,7500	
14.11.2018	43,2000	42,5000	
15.11.2018	43,5000	43,5000	
16.11.2018	42,5500	43,0500	
19.11.2018	41,5000	42,6000	
20.11.2018	41,8500	41,6500	
21.11.2018	40,8000	41,1500	
22.11.2018	39,3500	40,9000	
23.11.2018	37,0000	39,5000	
26.11.2018	37,9000	37,2000	
27.11.2018	38,3000	37,5000	
28.11.2018	38,1000	37,8500	
29.11.2018	39,4500	38,5000	
30.11.2018	38,8000	39,5000	
03.12.2018	40,6500	39,4500	
04.12.2018	40,1500	40,1500	
05.12.2018	41,0500	40,6500	
06.12.2018	40,3000	40,8000	
07.12.2018	39,9500	40,1500	
10.12.2018	40,6000	40,0000	
11.12.2018	41,9500	40,2500	
12.12.2018	41,4500	42,4000	
13.12.2018	41,8500	41,7000	
14.12.2018	41,1000	41,9500	
17.12.2018	40,7500	41,7000	
18.12.2018	40,0500	40,3000	
19.12.2018	39,9000	39,7500	
20.12.2018	39,6000	39,5000	
21.12.2018	39,1000	40,0000	
27.12.2018	39,8500	39,0000	
28.12.2018	41,2000	40,3000	
02.01.2019	41,1000	41,6000	
03.01.2019	42,2000	41,1500	
04.01.2019	42,5000	42,3500	
07.01.2019	43,8000	42,6500	
08.01.2019	44,5000	44,8000	
09.01.2019	44,8000	45,3000	
10.01.2019	46,8000	44,4500	
11.01.2019	45,2500	47,1000	
14.01.2019	44,3000	46,0000	
15.01.2019	44,9500	44,0000	
16.01.2019	44,5000	45,0000	
17.01.2019	43,4000	44,0000	
18.01.2019	42,3000	44,7000	
21.01.2019	41,8000	42,2000	
22.01.2019	41,1500	41,7000	
23.01.2019	41,2500	40,8500	
24.01.2019	41,3500	41,1500	
25.01.2019	41,5500	41,4500	
28.01.2019	41,8500	41,8000	
29.01.2019	41,7000	42,6000	
30.01.2019	41,5000	41,8500	
31.01.2019	42,1500	41,0000	
01.02.2019	42,2500	42,7000	
04.02.2019	42,0500	42,3500	
05.02.2019	43,3500	42,9000	
06.02.2019	43,0000	42,9500	
07.02.2019	42,6000	43,0000	
08.02.2019	42,7000	42,6500	
11.02.2019	42,8500	42,9500	
12.02.2019	43,4500	42,4000	
13.02.2019	43,4000	43,0000	
14.02.2019	42,6500	43,2000	
15.02.2019	42,7000	42,6000	
18.02.2019	42,8000	43,7000	
19.02.2019	42,3000	42,4000	
20.02.2019	42,2000	42,0500	
21.02.2019	42,8000	42,4000	
22.02.2019	42,6500	42,9000	
25.02.2019	42,6500	42,9000	
26.02.2019	42,0500	42,0000	
27.02.2019	42,5000	43,8500	
28.02.2019	42,4000	42,1500	
01.03.2019	42,4000	42,6000	
04.03.2019	42,1000	42,0000	
05.03.2019	41,0500	42,5000	
06.03.2019	41,3500	41,1500	
07.03.2019	41,2000	41,7000	
08.03.2019	40,6000	40,9000	
11.03.2019	38,8000	40,5500	
12.03.2019	39,7500	39,9000	
13.03.2019	39,6000	39,5000	
14.03.2019	39,1000	39,5000	
15.03.2019	39,1000	39,9500	
18.03.2019	39,6000	39,8000	
19.03.2019	39,9000	39,5000	
20.03.2019	40,0000	39,7000	
21.03.2019	39,7000	39,9500	
22.03.2019	39,1500	40,0000	
25.03.2019	38,5500	39,0000	
26.03.2019	39,1500	38,4500	
27.03.2019	39,5000	39,5000	
28.03.2019	39,5000	39,0000	
29.03.2019	38,2000	40,0000	
01.04.2019	39,3000	39,0000	
02.04.2019	39,1500	39,9000	
03.04.2019	39,6000	39,9500	
04.04.2019	39,8000	39,5000	
05.04.2019	39,9000	39,9500	
08.04.2019	39,2000	39,9000	
09.04.2019	38,8500	38,9000	
10.04.2019	39,3000	39,6500	
11.04.2019	39,3500	39,9500	
12.04.2019	39,8500	40,0000	
15.04.2019	39,3000	40,0000	
16.04.2019	38,8000	40,0000	
17.04.2019	39,3000	39,2500	
18.04.2019	38,9000	39,1000	
23.04.2019	39,4000	39,6500	
24.04.2019	39,4500	39,4000	
25.04.2019	39,9500	39,3500	
26.04.2019	40,0000	39,9500	
29.04.2019	40,5000	40,2500	
30.04.2019	41,6500	40,7500	
02.05.2019	41,6500	42,0000	
03.05.2019	42,0000	41,9500	
06.05.2019	42,0000	42,1000	
07.05.2019	42,1500	42,0500	
08.05.2019	42,2500	42,3000	
09.05.2019	42,3000	42,7000	
10.05.2019	41,7500	42,5000	
13.05.2019	41,2000	42,0000	
14.05.2019	40,9000	41,6500	
15.05.2019	41,0000	41,0000	
16.05.2019	40,7000	40,5000	
17.05.2019	41,0000	40,5000	
20.05.2019	40,1000	41,0000	
21.05.2019	39,7500	40,2000	
22.05.2019	39,6000	40,0000	
23.05.2019	39,0000	39,8000	
24.05.2019	39,5000	39,5000	
27.05.2019	39,2500	39,2000	
28.05.2019	39,9000	39,1500	
29.05.2019	38,9500	39,2000	
30.05.2019	39,5000	39,0000	
31.05.2019	39,2000	39,6000	
03.06.2019	39,2000	38,9000	
04.06.2019	38,9500	38,8000	
05.06.2019	39,1000	38,9500	
06.06.2019	38,9000	39,2000	
07.06.2019	39,2000	39,3500	
11.06.2019	39,1500	39,5000	
12.06.2019	39,4000	38,9000	
13.06.2019	39,3000	39,2000	
14.06.2019	39,0500	39,2000	
17.06.2019	39,0500	39,0000	
18.06.2019	39,5500	39,4000	
19.06.2019	41,1000	39,8000	
20.06.2019	42,2000	41,6000	
21.06.2019	41,4500	43,0000	
24.06.2019	41,4000	41,8500	
25.06.2019	40,7000	41,9500	
26.06.2019	40,0500	40,6000	
27.06.2019	40,5000	40,7500	
28.06.2019	42,1500	40,5000	
01.07.2019	42,4500	42,7000	
02.07.2019	42,4500	42,0000	
03.07.2019	42,5500	42,0000	
04.07.2019	41,9000	42,6500	
05.07.2019	41,6500	42,2500	
08.07.2019	41,3500	41,5500	
09.07.2019	40,6000	41,1500	
10.07.2019	40,3000	40,6000	
11.07.2019	40,8500	40,2500	
12.07.2019	39,5000	41,0000	
15.07.2019	39,7000	40,1500	
16.07.2019	40,3500	39,6500	
17.07.2019	39,3500	40,3500	
18.07.2019	38,2500	39,0000	
19.07.2019	38,5000	38,5000	
22.07.2019	38,7000	38,7000	
23.07.2019	38,4500	38,1000	
24.07.2019	39,4500	39,1500	
25.07.2019	39,2000	39,4500	
26.07.2019	39,0000	39,0000	
29.07.2019	39,1500	38,8000	
30.07.2019	38,0500	39,3500	
31.07.2019	38,8500	38,1500	
01.08.2019	38,8000	39,1000	
02.08.2019	38,3500	38,1000	
05.08.2019	38,5500	38,2000	
06.08.2019	37,7500	37,7500	
07.08.2019	36,6500	37,1500	
08.08.2019	36,0000	37,1500	
09.08.2019	36,3000	36,6500	
12.08.2019	35,7500	36,1500	
13.08.2019	34,8500	35,4000	
14.08.2019	33,5000	35,5000	
15.08.2019	32,6000	34,4000	
16.08.2019	33,3000	32,5000	
19.08.2019	34,8000	34,2000	
20.08.2019	34,9000	35,0500	
21.08.2019	34,8500	34,3000	
22.08.2019	35,0000	34,4500	
23.08.2019	35,1000	35,0000	
26.08.2019	33,2000	34,5000	
27.08.2019	32,4000	32,8000	
28.08.2019	32,5000	33,0000	
29.08.2019	32,5000	32,5000	
30.08.2019	32,9000	32,4000	
02.09.2019	33,0000	33,2000	
03.09.2019	32,4500	33,1000	
04.09.2019	32,2000	32,0500	
05.09.2019	32,8000	32,9000	
06.09.2019	32,6500	33,4000	
09.09.2019	32,7500	33,0000	
10.09.2019	32,9000	32,9000	
11.09.2019	32,8000	33,0000	
12.09.2019	33,0000	33,1000	
13.09.2019	33,1500	33,0000	
16.09.2019	33,0500	33,1000	
17.09.2019	32,7500	33,0500	
18.09.2019	33,0000	32,8500	
19.09.2019	33,4000	32,6000	
20.09.2019	34,3000	33,7000	
23.09.2019	34,1500	34,6500	
24.09.2019	34,0500	34,0500	
25.09.2019	33,3500	33,9500	
26.09.2019	32,9500	33,7000	
27.09.2019	32,1000	32,5500	
30.09.2019	32,3500	32,0500	
01.10.2019	31,9000	32,3500	
02.10.2019	32,5000	32,6000	
04.10.2019	33,3500	32,9000	
07.10.2019	33,4000	33,8500	
08.10.2019	32,9000	33,9000	
09.10.2019	33,0000	32,9000	
10.10.2019	33,3000	33,0000	
11.10.2019	33,5000	33,1000	
14.10.2019	34,7000	33,4000	
15.10.2019	37,1500	35,1500	
16.10.2019	36,8500	37,2500	
17.10.2019	36,7000	36,8000	
18.10.2019	37,4500	37,0000	
21.10.2019	38,7000	37,0000	
22.10.2019	38,3500	38,3000	
23.10.2019	38,2000	38,3000	
24.10.2019	36,9500	38,1000	
25.10.2019	36,7500	37,1000	
28.10.2019	37,4500	36,7000	
29.10.2019	37,4500	37,8500	
30.10.2019	37,4500	37,2000	
31.10.2019	37,6000	37,5000	
01.11.2019	38,1500	37,7000	
04.11.2019	39,3500	38,6000	
05.11.2019	39,7000	39,4500	
06.11.2019	39,8000	40,0500	
07.11.2019	39,7500	39,5500	
08.11.2019	39,7500	40,1000	
11.11.2019	39,9000	40,0000	
12.11.2019	39,5000	39,9000	
13.11.2019	38,9000	39,5000	
14.11.2019	38,9500	38,8500	
15.11.2019	39,9000	39,1000	
18.11.2019	40,1500	39,6500	
19.11.2019	38,8000	39,3000	
20.11.2019	38,7000	38,6500	
21.11.2019	40,2000	39,1000	
22.11.2019	40,9000	39,6500	
25.11.2019	41,6500	41,1000	
26.11.2019	42,3500	41,6000	
27.11.2019	41,6000	42,3500	
28.11.2019	40,3000	41,0000	
29.11.2019	39,9000	39,0000	
02.12.2019	39,5500	39,2000	
03.12.2019	39,0000	39,2500	
04.12.2019	40,2500	39,1000	
05.12.2019	40,6000	40,2000	
06.12.2019	40,0000	40,8000	
09.12.2019	39,6000	39,7500	
10.12.2019	39,4000	39,1500	
11.12.2019	39,0500	39,3500	
12.12.2019	39,6500	39,6000	
13.12.2019	39,5500	40,0500	
16.12.2019	39,7000	39,6000	
17.12.2019	39,2000	39,7500	
18.12.2019	39,0000	39,4000	
19.12.2019	39,0500	39,3000	
20.12.2019	39,5000	39,1000	
23.12.2019	40,0000	39,6000	
27.12.2019	40,0000	39,8000	
30.12.2019	39,6000	39,8500	
02.01.2020	40,1500	40,5000	
03.01.2020	40,1500	39,6500	
06.01.2020	40,4500	40,3500	
07.01.2020	40,6500	40,1500	
08.01.2020	41,2500	41,0000	
09.01.2020	41,5500	42,5000	
10.01.2020	41,5000	41,5000	
13.01.2020	41,0000	41,7000	
14.01.2020	40,7500	41,3500	
15.01.2020	41,2500	41,0000	
16.01.2020	41,7000	41,3000	
17.01.2020	37,8000	41,1500	
20.01.2020	38,7500	39,5000	
21.01.2020	38,3500	39,0000	
22.01.2020	38,2000	38,6500	
23.01.2020	38,4000	38,3000	
24.01.2020	40,1000	38,1000	
27.01.2020	39,0500	40,8000	
28.01.2020	40,6000	39,5000	
29.01.2020	42,8500	40,6000	
30.01.2020	42,6500	42,6000	
31.01.2020	41,1500	42,9000	
03.02.2020	40,6500	40,5000	
04.02.2020	41,5000	41,1500	
05.02.2020	41,1000	41,3000	
06.02.2020	41,5500	41,9000	
07.02.2020	41,0000	41,6000	
10.02.2020	41,0000	40,8000	
11.02.2020	42,1500	41,2000	
12.02.2020	41,6000	42,0000	
13.02.2020	41,0500	42,0000	
14.02.2020	41,6000	41,0000	
17.02.2020	41,2000	41,7000	
18.02.2020	41,0500	41,1500	
19.02.2020	41,2000	41,0500	
20.02.2020	41,2500	41,6500	
21.02.2020	39,8000	41,0000	
24.02.2020	38,5500	40,4000	
25.02.2020	38,0000	39,5000	
26.02.2020	37,8000	38,2000	
27.02.2020	39,0000	38,0000	
28.02.2020	41,6500	39,3000	
02.03.2020	44,2000	45,4000	
03.03.2020	42,0500	45,5000	
04.03.2020	40,0000	42,4500	
05.03.2020	39,8000	41,3500	
06.03.2020	40,3000	39,5500	
09.03.2020	38,8000	41,2500	
10.03.2020	39,3000	40,0000	
11.03.2020	40,0500	40,0500	
12.03.2020	37,2500	39,9500	
13.03.2020	43,9000	39,3500	
16.03.2020	49,9500	60,7000	
17.03.2020	51,7000	51,0000	
18.03.2020	53,0000	51,4000	
19.03.2020	45,4500	55,0000	
20.03.2020	43,7000	49,9000	
23.03.2020	47,8000	47,0000	
24.03.2020	50,0000	50,5000	
25.03.2020	52,2000	51,8000	
26.03.2020	57,3000	53,7000	
27.03.2020	58,6000	57,9000	
30.03.2020	69,1000	66,0000	
31.03.2020	67,6000	74,7000	
01.04.2020	63,4000	66,4000	
02.04.2020	61,0000	64,2000	
03.04.2020	59,0000	59,8000	
06.04.2020	57,0000	61,0000	
07.04.2020	52,8000	55,0000	
08.04.2020	55,8000	52,4000	
09.04.2020	58,6000	56,8000	
14.04.2020	56,4000	58,2000	
15.04.2020	56,6000	56,6000	
16.04.2020	60,2000	61,0000	
17.04.2020	59,6000	61,0000	
20.04.2020	60,2000	60,4000	
21.04.2020	56,8000	60,6000	
22.04.2020	58,2000	58,0000	
23.04.2020	59,6000	58,8000	
24.04.2020	62,8000	60,2000	
27.04.2020	65,8000	63,0000	
28.04.2020	65,8000	65,0000	
29.04.2020	66,0000	66,0000	
30.04.2020	63,8000	66,2000	
04.05.2020	63,4000	63,0000	
05.05.2020	64,2000	63,0000	
06.05.2020	64,6000	64,0000	
07.05.2020	64,0000	64,6000	
08.05.2020	63,0000	64,2000	
11.05.2020	61,8000	62,6000	
12.05.2020	60,0000	61,0000	
13.05.2020	59,0000	60,2000	
14.05.2020	55,6000	58,4000	
15.05.2020	56,0000	57,2000	
18.05.2020	56,0000	56,2000	
19.05.2020	55,2000	56,0000	
20.05.2020	53,0000	55,2000	
21.05.2020	53,8000	52,6000	
22.05.2020	54,6000	52,8000	
25.05.2020	55,2000	55,0000	
26.05.2020	55,6000	55,6000	
27.05.2020	51,8000	55,6000	
28.05.2020	54,6000	53,0000	
29.05.2020	57,8000	54,0000	
02.06.2020	56,0000	56,2000	
03.06.2020	55,4000	58,6000	
04.06.2020	56,6000	55,8000	
05.06.2020	57,0000	56,0000	
08.06.2020	56,2000	56,0000	
09.06.2020	57,0000	56,0000	
10.06.2020	56,6000	56,8000	
11.06.2020	54,4000	55,8000	
12.06.2020	55,4000	52,6000	
15.06.2020	56,4000	55,4000	
16.06.2020	58,4000	56,8000	
17.06.2020	61,2000	59,0000	
18.06.2020	60,4000	61,2000	
19.06.2020	60,6000	60,4000	
22.06.2020	60,8000	61,0000	
23.06.2020	62,0000	61,2000	
24.06.2020	60,2000	61,6000	
25.06.2020	60,6000	60,6000	
26.06.2020	60,4000	60,4000	
29.06.2020	59,6000	60,2000	
30.06.2020	59,2000	59,0000	
01.07.2020	60,6000	60,2000	
02.07.2020	62,6000	60,2000	
03.07.2020	63,2000	62,8000	
06.07.2020	64,0000	64,0000	
07.07.2020	67,2000	63,8000	
08.07.2020	68,4000	66,2000	
09.07.2020	69,6000	67,6000	
10.07.2020	66,4000	69,2000	
13.07.2020	67,2000	65,8000	
14.07.2020	65,8000	66,2000	
15.07.2020	71,0000	71,0000	
16.07.2020	70,6000	72,6000	
17.07.2020	72,0000	71,4000	
20.07.2020	71,8000	71,6000	
21.07.2020	71,0000	73,0000	
22.07.2020	71,0000	71,0000	
23.07.2020	71,6000	71,4000	
24.07.2020	69,2000	71,2000	
27.07.2020	69,6000	70,4000	
28.07.2020	69,0000	70,0000	
29.07.2020	67,6000	69,6000	
30.07.2020	65,6000	69,0000	
31.07.2020	66,0000	65,4000	
03.08.2020	67,0000	66,8000	
04.08.2020	66,8000	67,0000	
05.08.2020	67,2000	66,6000	
06.08.2020	66,4000	66,6000	
07.08.2020	66,8000	66,6000	
10.08.2020	66,6000	67,0000	
11.08.2020	67,2000	67,0000	
12.08.2020	67,4000	67,8000	
13.08.2020	66,0000	68,0000	
14.08.2020	64,2000	66,8000	
17.08.2020	64,6000	64,8000	
18.08.2020	63,8000	64,4000	
19.08.2020	64,4000	63,8000	
20.08.2020	65,8000	65,0000	
21.08.2020	65,2000	66,0000	
24.08.2020	63,4000	65,0000	
25.08.2020	65,0000	63,6000	
26.08.2020	65,2000	65,0000	
27.08.2020	64,6000	65,0000	
28.08.2020	64,8000	64,0000	
31.08.2020	62,0000	64,6000	
01.09.2020	63,6000	62,6000	
02.09.2020	65,0000	64,2000	
03.09.2020	61,8000	64,0000	
04.09.2020	60,8000	62,0000	
07.09.2020	61,0000	61,0000	
08.09.2020	61,2000	61,2000	
09.09.2020	62,2000	61,8000	
10.09.2020	61,8000	62,4000	
11.09.2020	60,6000	61,6000	
14.09.2020	61,0000	60,2000	
15.09.2020	62,4000	61,2000	
16.09.2020	64,6000	61,6000	
17.09.2020	64,2000	63,2000	
18.09.2020	63,0000	63,6000	
21.09.2020	61,4000	63,2000	
22.09.2020	61,4000	62,0000	
23.09.2020	62,4000	61,4000	
24.09.2020	63,2000	62,2000	
25.09.2020	62,6000	63,2000	
28.09.2020	62,8000	63,8000	
29.09.2020	63,0000	62,6000	
30.09.2020	62,8000	62,4000	
01.10.2020	64,2000	63,2000	
02.10.2020	64,0000	63,6000	
05.10.2020	64,0000	64,4000	
06.10.2020	63,2000	64,8000	
07.10.2020	61,6000	62,0000	
08.10.2020	61,0000	61,2000	
09.10.2020	61,8000	61,6000	
12.10.2020	62,6000	62,0000	
13.10.2020	62,6000	62,2000	
14.10.2020	62,4000	62,6000	
15.10.2020	62,8000	62,6000	
16.10.2020	64,4000	64,6000	
19.10.2020	64,4000	64,6000	
20.10.2020	62,4000	63,2000	
21.10.2020	62,2000	62,2000	
22.10.2020	61,6000	62,6000	
23.10.2020	61,8000	62,0000	
26.10.2020	60,6000	61,0000	
27.10.2020	60,4000	60,6000	
28.10.2020	59,4000	60,6000	
29.10.2020	61,2000	59,8000	
30.10.2020	61,4000	61,4000	
02.11.2020	62,4000	62,0000	
03.11.2020	61,8000	62,4000	
04.11.2020	61,2000	64,4000	
05.11.2020	62,0000	61,6000	
06.11.2020	61,2000	62,0000	
09.11.2020	58,0000	62,4000	
10.11.2020	58,6000	58,0000	
11.11.2020	60,0000	58,8000	
12.11.2020	60,0000	58,6000	
13.11.2020	59,8000	59,6000	
16.11.2020	59,4000	60,0000	
17.11.2020	59,6000	59,4000	
18.11.2020	59,4000	59,0000	
19.11.2020	60,0000	59,4000	
20.11.2020	60,6000	59,6000	
23.11.2020	59,4000	60,4000	
24.11.2020	59,0000	59,8000	
25.11.2020	58,6000	59,2000	
26.11.2020	58,8000	58,2000	
27.11.2020	59,6000	58,8000	
30.11.2020	59,8000	59,4000	
01.12.2020	58,2000	59,8000	
02.12.2020	58,6000	58,2000	
03.12.2020	58,6000	58,6000	
04.12.2020	58,6000	58,6000	
07.12.2020	58,6000	58,6000	
08.12.2020	58,6000	58,2000	
09.12.2020	58,8000	58,6000	
10.12.2020	59,4000	58,6000	
11.12.2020	59,0000	59,8000	
14.12.2020	58,6000	59,6000	
15.12.2020	58,8000	58,8000	
16.12.2020	58,8000	58,6000	
17.12.2020	58,8000	59,2000	
18.12.2020	59,6000	58,8000	
21.12.2020	59,0000	59,8000	
22.12.2020	59,4000	59,0000	
23.12.2020	59,8000	59,0000	
28.12.2020	59,0000	59,8000	
29.12.2020	59,0000	59,2000	
30.12.2020	59,8000	58,8000	
04.01.2021	61,0000	60,0000	
05.01.2021	61,6000	61,6000	
06.01.2021	61,4000	61,4000	
07.01.2021	61,8000	61,4000	
08.01.2021	62,0000	61,6000	
11.01.2021	63,0000	62,6000	
12.01.2021	63,8000	63,0000	
13.01.2021	65,2000	64,2000	
14.01.2021	65,2000	65,0000	
15.01.2021	64,8000	64,2000	
18.01.2021	66,4000	65,2000	
19.01.2021	66,0000	66,8000	
20.01.2021	66,6000	66,0000	
21.01.2021	67,2000	67,4000	
22.01.2021	68,0000	68,0000	
25.01.2021	67,2000	69,0000	
26.01.2021	67,2000	67,0000	
27.01.2021	67,4000	67,2000	
28.01.2021	69,2000	66,4000	
29.01.2021	68,4000	68,0000	
01.02.2021	67,8000	69,2000	
02.02.2021	66,6000	67,8000	
03.02.2021	65,6000	67,6000	
04.02.2021	66,0000	66,2000	
05.02.2021	65,6000	66,0000	
08.02.2021	64,4000	65,4000	
09.02.2021	64,4000	64,6000	
10.02.2021	62,6000	64,4000	
11.02.2021	63,4000	62,8000	
12.02.2021	63,4000	63,2000	
15.02.2021	65,4000	63,2000	
16.02.2021	64,0000	65,4000	
17.02.2021	64,2000	63,8000	
18.02.2021	64,0000	64,6000	
19.02.2021	63,4000	64,0000	
22.02.2021	64,4000	63,8000	
23.02.2021	64,4000	64,0000	
24.02.2021	63,4000	64,4000	
25.02.2021	61,8000	62,8000	
26.02.2021	61,8000	61,6000	
01.03.2021	62,0000	63,0000	
02.03.2021	61,2000	62,0000	
03.03.2021	61,0000	61,8000	
04.03.2021	60,2000	62,0000	
05.03.2021	60,6000	60,8000	
08.03.2021	62,2000	61,8000	
09.03.2021	65,6000	62,2000	
10.03.2021	65,2000	65,6000	
11.03.2021	67,2000	64,8000	
12.03.2021	66,4000	67,0000	
15.03.2021	67,0000	66,0000	
16.03.2021	67,2000	66,6000	
17.03.2021	66,4000	66,4000	
18.03.2021	67,2000	67,0000	
19.03.2021	65,6000	67,0000	
22.03.2021	65,8000	65,6000	
23.03.2021	64,4000	65,8000	
24.03.2021	63,6000	63,6000	
25.03.2021	64,0000	63,8000	
26.03.2021	63,6000	63,8000	
29.03.2021	63,8000	63,2000	
30.03.2021	64,8000	63,4000	
31.03.2021	64,6000	64,4000	
01.04.2021	64,1000	65,6000	
06.04.2021	67,0000	65,1000	
07.04.2021	65,8000	66,6000	
08.04.2021	66,1000	66,7000	
09.04.2021	66,7000	66,4000	
12.04.2021	66,4000	66,6000	
13.04.2021	67,0000	67,0000	
14.04.2021	65,6000	66,6000	
15.04.2021	67,9000	67,4000	
16.04.2021	68,5000	68,0000	
19.04.2021	69,0000	68,5000	
20.04.2021	68,5000	69,2000	
21.04.2021	68,9000	68,7000	
22.04.2021	69,7000	68,8000	
23.04.2021	70,5000	69,9000	
26.04.2021	71,9000	71,1000	
27.04.2021	73,4000	72,1000	
28.04.2021	73,0000	73,8000	
29.04.2021	73,3000	73,0000	
30.04.2021	73,4000	72,7000	
03.05.2021	73,3000	73,1000	
04.05.2021	73,2000	73,0000	
05.05.2021	73,1000	73,1000	
06.05.2021	72,5000	72,2000	
07.05.2021	75,0000	73,0000	
10.05.2021	74,4000	75,0000	
11.05.2021	74,3000	74,0000	
12.05.2021	73,9000	74,0000	
13.05.2021	71,0000	73,5000	
14.05.2021	73,0000	71,5000	
17.05.2021	74,0000	73,0000	
18.05.2021	74,3000	74,0000	
19.05.2021	73,8000	74,7000	
20.05.2021	75,0000	74,9000	
21.05.2021	74,2000	74,5000	
25.05.2021	74,9000	74,9000	
26.05.2021	74,0000	74,5000	
27.05.2021	74,4000	74,1000	
28.05.2021	74,2000	74,0000	
31.05.2021	73,5000	74,6000	
01.06.2021	72,8000	74,2000	
02.06.2021	73,6000	72,7000	
03.06.2021	70,7000	72,5000	
04.06.2021	71,1000	71,0000	
07.06.2021	71,1000	71,5000	
08.06.2021	71,4000	71,1000	
09.06.2021	72,0000	71,7000	
10.06.2021	73,8000	72,6000	
11.06.2021	72,7000	73,3000	
14.06.2021	72,1000	72,1000	
15.06.2021	73,6000	72,9000	
16.06.2021	74,0000	73,9000	
17.06.2021	74,5000	74,0000	
18.06.2021	74,1000	74,6000	
21.06.2021	74,0000	73,3000	
22.06.2021	76,8000	75,5000	
23.06.2021	76,7000	76,3000	
24.06.2021	76,5000	76,1000	
25.06.2021	78,0000	76,5000	
28.06.2021	78,8000	78,0000	
29.06.2021	78,0000	78,1000	
30.06.2021	78,4000	78,0000	
01.07.2021	78,9000	77,9000	
02.07.2021	78,5000	78,4000	
05.07.2021	78,2000	78,5000	
06.07.2021	78,5000	78,3000	
07.07.2021	78,6000	78,1000	
08.07.2021	74,9000	78,0000	
09.07.2021	76,8000	74,6000	
12.07.2021	76,8000	76,5000	
13.07.2021	77,2000	76,9000	
14.07.2021	77,0000	77,0000	
15.07.2021	73,5000	75,5000	
16.07.2021	73,4000	74,4000	
19.07.2021	73,2000	73,3000	
20.07.2021	73,6000	73,8000	
21.07.2021	73,4000	73,9000	
22.07.2021	74,6000	73,8000	
23.07.2021	77,6000	75,6000	
26.07.2021	76,0000	77,9000	
27.07.2021	75,0000	75,7000	
28.07.2021	75,7000	75,0000	
29.07.2021	74,6000	75,0000	
30.07.2021	75,2000	74,1000	
02.08.2021	73,8000	75,3000	
03.08.2021	75,6000	73,8000	
04.08.2021	74,6000	75,9000	
05.08.2021	74,5000	73,7000	
06.08.2021	76,3000	74,1000	
09.08.2021	75,6000	75,8000	
10.08.2021	74,5000	75,5000	
11.08.2021	74,8000	74,8000	
12.08.2021	75,5000	74,8000	
13.08.2021	73,2000	74,7000	
16.08.2021	73,7000	73,7000	
17.08.2021	72,9000	72,8000	
18.08.2021	73,1000	73,5000	
19.08.2021	72,5000	73,1000	
20.08.2021	72,5000	73,4000	
23.08.2021	73,6000	72,7000	
24.08.2021	73,6000	74,0000	
25.08.2021	74,1000	73,6000	
26.08.2021	73,6000	73,8000	
27.08.2021	71,1000	73,2000	
30.08.2021	71,5000	71,2000	
31.08.2021	71,9000	71,6000	
01.09.2021	72,4000	72,9000	
02.09.2021	74,0000	72,5000	
03.09.2021	72,7000	73,2000	
06.09.2021	72,4000	72,9000	
07.09.2021	72,2000	72,0000	
08.09.2021	72,5000	72,2000	
09.09.2021	71,3000	72,2000	
10.09.2021	70,8000	71,0000	
13.09.2021	69,7000	70,6000	
14.09.2021	69,7000	69,9000	
15.09.2021	69,9000	70,1000	
16.09.2021	69,5000	70,2000	
17.09.2021	69,2000	70,7000	
20.09.2021	67,6000	68,7000	
21.09.2021	67,5000	67,8000	
22.09.2021	68,2000	67,7000	
23.09.2021	69,0000	69,0000	
24.09.2021	67,6000	68,3000	
27.09.2021	67,4000	67,6000	
28.09.2021	67,0000	67,9000	
29.09.2021	65,3000	66,9000	
30.09.2021	67,1000	65,5000	
01.10.2021	66,1000	67,4000	
04.10.2021	65,3000	66,3000	
05.10.2021	63,8000	65,2000	
06.10.2021	63,0000	63,8000	
07.10.2021	63,3000	63,0000	
08.10.2021	62,9000	62,8000	
11.10.2021	62,9000	62,3000	
12.10.2021	63,3000	62,5000	
13.10.2021	63,4000	62,8000	
14.10.2021	63,6000	63,4000	
15.10.2021	64,0000	64,1000	
18.10.2021	64,0000	64,0000	
19.10.2021	64,0000	64,0000	
20.10.2021	64,0000	63,9000	
21.10.2021	64,0000	63,8000	
22.10.2021	65,0000	64,0000	
25.10.2021	64,6000	64,5000	
26.10.2021	64,8000	65,0000	
27.10.2021	64,8000	64,8000	
28.10.2021	64,6000	64,8000	
29.10.2021	64,5000	65,1000	
01.11.2021	63,9000	64,5000	
02.11.2021	61,3000	63,9000	
03.11.2021	61,4000	61,6000	
04.11.2021	62,4000	61,6000	
05.11.2021	62,1000	62,5000	
08.11.2021	61,8000	62,5000	
09.11.2021	61,9000	61,7000	
10.11.2021	61,6000	62,0000	
11.11.2021	62,4000	61,3000	
12.11.2021	63,7000	62,8000	
15.11.2021	63,6000	63,6000	
16.11.2021	63,3000	63,4000	
17.11.2021	62,5000	63,4000	
18.11.2021	62,3000	63,0000	
19.11.2021	63,6000	62,5000	
22.11.2021	62,3000	63,9000	
23.11.2021	60,9000	62,1000	
24.11.2021	52,2000	52,0000	
25.11.2021	49,7000	52,2000	
26.11.2021	51,0000	49,5500	
29.11.2021	51,1000	52,2000	
30.11.2021	51,9000	50,3000	
01.12.2021	52,9000	52,4000	
02.12.2021	51,5000	51,8000	
03.12.2021	52,5000	53,0000	
06.12.2021	52,2000	52,6000	
07.12.2021	52,4000	52,5000	
08.12.2021	52,2000	52,7000	
09.12.2021	52,0000	52,0000	
10.12.2021	52,2000	52,6000	
13.12.2021	53,0000	52,2000	
14.12.2021	52,8000	52,8000	
15.12.2021	52,7000	52,5000	
16.12.2021	53,0000	52,9000	
17.12.2021	52,9000	52,4000	
20.12.2021	51,5000	52,4000	
21.12.2021	52,6000	51,9000	
22.12.2021	53,6000	52,7000	
23.12.2021	53,7000	53,8000	
27.12.2021	54,4000	54,1000	
28.12.2021	54,5000	54,5000	
29.12.2021	54,6000	54,8000	
30.12.2021	54,1000	54,4000	
03.01.2022	54,1000	54,7000	
04.01.2022	54,2000	53,5000	
05.01.2022	54,0000	54,4000	
06.01.2022	54,1000	54,0000	
07.01.2022	52,5000	54,0000	
10.01.2022	52,8000	53,1000	
11.01.2022	51,1000	53,2000	
12.01.2022	51,2000	51,3000	
13.01.2022	50,6000	51,2000	
14.01.2022	51,0000	51,0000	
17.01.2022	51,0000	50,5000	
18.01.2022	50,2000	50,5000	
19.01.2022	50,1000	50,2000	
20.01.2022	50,1000	49,5000	
21.01.2022	49,8500	49,1000	
24.01.2022	47,5000	50,1000	
25.01.2022	47,5500	47,1000	
26.01.2022	48,2000	47,0000	
27.01.2022	49,0000	49,2500	
28.01.2022	48,8500	49,0000	
31.01.2022	49,0000	48,7500	
01.02.2022	49,1000	49,0000	
02.02.2022	48,4500	49,0000	
03.02.2022	48,9500	48,2500	
04.02.2022	49,4000	49,2500	
07.02.2022	49,4000	49,1000	
08.02.2022	48,1500	50,0000	
09.02.2022	49,0000	48,9000	
10.02.2022	48,8000	48,9500	
11.02.2022	48,9500	48,6000	
14.02.2022	47,4500	48,7000	
15.02.2022	48,6500	47,9000	
16.02.2022	49,5000	49,0000	
17.02.2022	48,0000	49,3000	
18.02.2022	47,6500	48,6000	
21.02.2022	46,0000	47,5000	
22.02.2022	45,2000	45,0000	
23.02.2022	45,3500	45,1000	
24.02.2022	45,2500	44,8000	
25.02.2022	46,7000	47,5500	
28.02.2022	47,4000	46,3500	
01.03.2022	47,8500	47,9000	
02.03.2022	48,6000	47,8500	
03.03.2022	46,5000	48,6000	
04.03.2022	45,4000	46,8000	
07.03.2022	45,5500	44,3000	
08.03.2022	45,3000	45,8500	
09.03.2022	46,7000	46,3000	
10.03.2022	45,2000	46,8000	
11.03.2022	45,3000	45,0000	
14.03.2022	46,1500	44,7000	
15.03.2022	45,5000	46,1000	
16.03.2022	47,5000	46,4000	
17.03.2022	47,7000	47,3000	
18.03.2022	49,1500	47,0000	
21.03.2022	48,6000	48,5000	
22.03.2022	48,1000	48,4500	
23.03.2022	47,7500	48,3000	
24.03.2022	47,5000	47,5500	
25.03.2022	48,3000	48,3000	
28.03.2022	47,3000	48,3000	
29.03.2022	49,8000	48,0000	
30.03.2022	49,7000	48,7500	
31.03.2022	48,8500	49,5500	
01.04.2022	48,5000	49,5000	
04.04.2022	49,6000	49,0000	
05.04.2022	49,7000	50,1000	
06.04.2022	48,9500	49,4000	
07.04.2022	49,2500	49,2000	
08.04.2022	49,3000	49,0000	
11.04.2022	48,8000	49,3000	
12.04.2022	47,6500	48,8500	
13.04.2022	46,8000	47,6500	
14.04.2022	42,5000	44,4500	
19.04.2022	42,7000	42,5000	
20.04.2022	43,8000	42,9000	
21.04.2022	44,5000	44,5000	
22.04.2022	44,3500	44,5000	
25.04.2022	43,9000	44,2000	
26.04.2022	44,2500	43,9000	
27.04.2022	44,5500	44,5500	
28.04.2022	44,0000	44,5000	
29.04.2022	43,6000	44,1000	
02.05.2022	44,2500	43,9500	
03.05.2022	43,0500	43,6000	
04.05.2022	42,6500	43,1500	
05.05.2022	42,6000	43,1500	
06.05.2022	42,6000	42,3000	
09.05.2022	40,8500	42,5000	
10.05.2022	41,4000	40,2500	
11.05.2022	41,6500	41,0000	
12.05.2022	42,0500	42,5000	
13.05.2022	43,3000	43,0000	
16.05.2022	43,1000	43,8500	
17.05.2022	42,5000	43,0000	
18.05.2022	42,3500	42,5000	
19.05.2022	42,0500	41,8500	
20.05.2022	41,6000	42,0500	
23.05.2022	41,6000	42,2500	
24.05.2022	42,3500	42,0000	
25.05.2022	43,1500	42,3000	
26.05.2022	43,4500	43,5000	
27.05.2022	45,8500	43,4000	
30.05.2022	45,7500	46,9500	
31.05.2022	41,8000	45,6500	
01.06.2022	42,6500	42,0500	
02.06.2022	43,5500	43,4000	
03.06.2022	42,5500	43,5500	
06.06.2022	42,4000	42,9000	
07.06.2022	43,7000	43,0500	
08.06.2022	43,6000	43,3000	
09.06.2022	43,4000	43,6000	
10.06.2022	42,1000	43,0000	
13.06.2022	41,8500	42,0000	
14.06.2022	40,6000	41,2000	
15.06.2022	40,6500	41,3000	
16.06.2022	39,8000	40,3500	
17.06.2022	39,6000	40,3500	
20.06.2022	39,6500	39,2000	
21.06.2022	40,1500	39,3000	
22.06.2022	40,3500	40,1500	
23.06.2022	41,5000	40,1000	
24.06.2022	42,1000	42,2000	
27.06.2022	42,4000	42,1000	
28.06.2022	42,9000	42,8000	
29.06.2022	42,5000	42,5000	
30.06.2022	42,2500	43,0000	
01.07.2022	40,6000	42,4000	
04.07.2022	42,5000	41,3500	
05.07.2022	41,2000	42,2500	
06.07.2022	41,5000	41,5000	
07.07.2022	41,6000	42,2000	
08.07.2022	41,0000	41,6500	
11.07.2022	41,1000	41,0000	
12.07.2022	41,0000	40,8500	
13.07.2022	40,9500	41,5000	
14.07.2022	41,3000	41,4500	
15.07.2022	41,3000	40,5500	
18.07.2022	40,9500	41,0000	
19.07.2022	41,3000	41,0500	
20.07.2022	42,4500	41,7000	
21.07.2022	42,8000	41,8000	
22.07.2022	43,5500	42,1500	
25.07.2022	43,8000	43,6000	
26.07.2022	43,8000	43,1000	
27.07.2022	43,8000	44,2000	
28.07.2022	44,5000	43,8000	
29.07.2022	44,5000	45,0000	
01.08.2022	44,3000	44,5000	
02.08.2022	44,3000	44,2500	
03.08.2022	43,7000	43,8000	
04.08.2022	43,6000	43,5500	
05.08.2022	44,2500	43,7000	
08.08.2022	43,8000	43,7500	
09.08.2022	43,9000	44,1500	
10.08.2022	44,7000	43,8500	
11.08.2022	44,3000	44,0000	
12.08.2022	44,2500	44,3000	
15.08.2022	44,4000	44,6500	
16.08.2022	44,5500	44,0000	
17.08.2022	44,2000	44,5500	
18.08.2022	43,3000	43,4500	
19.08.2022	43,9500	42,8500	
22.08.2022	44,5000	44,0000	
23.08.2022	44,0000	43,6500	
24.08.2022	43,6500	44,2000	
25.08.2022	44,0000	43,5000	
26.08.2022	43,3000	44,0000	
29.08.2022	41,9500	42,9500	
30.08.2022	41,0000	42,5000	
31.08.2022	40,2500	41,5000	
01.09.2022	40,0000	39,9500	
02.09.2022	39,3500	40,0000	
05.09.2022	39,3000	39,0000	
06.09.2022	39,3000	39,2000	
07.09.2022	39,3000	39,2500	
08.09.2022	39,5000	39,2500	
09.09.2022	39,4000	39,0000	
12.09.2022	40,4000	39,1000	
13.09.2022	40,0000	40,5000	
14.09.2022	39,0000	39,9000	
15.09.2022	39,1500	39,6000	
16.09.2022	37,3500	39,0500	
19.09.2022	38,5000	37,7500	
20.09.2022	38,2500	38,4000	
21.09.2022	37,7500	38,2000	
22.09.2022	38,8000	38,4000	
23.09.2022	38,7000	38,7000	
26.09.2022	38,0000	38,4500	
27.09.2022	38,5000	38,1500	
28.09.2022	37,6500	38,1000	
29.09.2022	37,9500	37,6000	
30.09.2022	37,6500	38,0000	
03.10.2022	38,0000	37,9500	
04.10.2022	37,6000	38,0000	
05.10.2022	37,7000	37,5500	
06.10.2022	38,6500	37,2000	
07.10.2022	37,3000	38,2500	
10.10.2022	36,6000	37,0000	
11.10.2022	37,6500	36,9500	
12.10.2022	37,1500	37,1500	
13.10.2022	37,6000	37,7000	
14.10.2022	37,4500	37,7000	
17.10.2022	36,2000	36,0000	
18.10.2022	36,8500	36,6500	
19.10.2022	36,3000	36,3000	
20.10.2022	35,9000	36,2500	
21.10.2022	35,8000	35,8000	
24.10.2022	36,3500	36,3500	
25.10.2022	37,0000	36,8000	
26.10.2022	37,2500	37,3500	
27.10.2022	36,4000	37,0000	
28.10.2022	36,3000	36,1000	
31.10.2022	36,5500	36,9000	
01.11.2022	36,4000	37,0500	
02.11.2022	36,6000	36,4000	
03.11.2022	36,6000	36,5000	
04.11.2022	36,1000	36,6500	
07.11.2022	36,5000	36,6500	
08.11.2022	36,5500	36,4500	
09.11.2022	36,8000	36,2500	
10.11.2022	37,0500	36,9000	
11.11.2022	37,2000	37,1000	
14.11.2022	36,9500	37,2000	
15.11.2022	36,7000	37,2000	
16.11.2022	36,7000	37,0500	
17.11.2022	36,6500	36,6500	
18.11.2022	36,8000	36,8500	
21.11.2022	36,2000	36,6000	
22.11.2022	37,7000	36,7500	
23.11.2022	38,0000	37,1500	
24.11.2022	39,0000	38,4000	
25.11.2022	38,7500	38,5500	
28.11.2022	38,8000	38,5500	
29.11.2022	38,6000	38,7000	
30.11.2022	38,4000	38,5000	
01.12.2022	38,8500	38,5000	
02.12.2022	39,5000	38,4000	
05.12.2022	39,4000	39,6000	
06.12.2022	38,7500	38,5500	
07.12.2022	38,6000	38,7500	
08.12.2022	37,8000	38,7500	
09.12.2022	37,4500	37,9500	
12.12.2022	36,3000	37,7000	
13.12.2022	35,3500	36,4000	
14.12.2022	34,9000	35,5000	
15.12.2022	34,0000	34,9500	
16.12.2022	34,4000	34,2500	
19.12.2022	34,5000	34,4500	
20.12.2022	34,3000	34,3000	
21.12.2022	34,3500	34,7500	
22.12.2022	34,4500	34,1000	
23.12.2022	35,9500	34,4500	
27.12.2022	36,0000	36,0500	
28.12.2022	35,8000	35,7500	
29.12.2022	36,7500	35,5500	
30.12.2022	36,3000	36,9000	
02.01.2023	36,4000	36,5500	
03.01.2023	37,0500	36,5000	
04.01.2023	37,2000	37,4000	
05.01.2023	37,3000	37,2000	
06.01.2023	37,3000	37,5000	
09.01.2023	38,4500	37,7000	
10.01.2023	37,8500	38,4500	
11.01.2023	36,9500	37,3000	
12.01.2023	36,9000	36,6000	
13.01.2023	36,6000	36,5500	
16.01.2023	36,5000	36,7000	
17.01.2023	37,2500	36,5000	
18.01.2023	37,3000	37,3000	
19.01.2023	37,3000	37,2500	
20.01.2023	36,9500	37,0500	
23.01.2023	38,0000	37,4000	
24.01.2023	37,6000	38,3000	
25.01.2023	37,4000	37,6000	
26.01.2023	37,4500	37,4000	
27.01.2023	37,2000	37,5000	
30.01.2023	37,4000	37,0000	
31.01.2023	37,1000	37,3500	
01.02.2023	37,4500	37,3500	
02.02.2023	38,3000	37,8500	
03.02.2023	38,5500	38,6500	
06.02.2023	38,2000	38,7500	
07.02.2023	38,3500	38,3000	
08.02.2023	38,8500	38,7000	
09.02.2023	38,3000	39,2500	
10.02.2023	38,7000	38,3000	
13.02.2023	38,4500	38,9000	
14.02.2023	38,0500	38,4500	
15.02.2023	38,3000	38,3500	
16.02.2023	37,9000	38,2500	
17.02.2023	37,3000	37,5000	
20.02.2023	37,2500	37,7000	
21.02.2023	37,1000	37,5000	
22.02.2023	36,8000	37,1000	
23.02.2023	36,8000	37,1500	
24.02.2023	37,0500	36,7500	
27.02.2023	37,1500	37,1000	
28.02.2023	36,8000	37,1500	
01.03.2023	36,4500	37,2000	
02.03.2023	36,8500	36,8500	
03.03.2023	36,6500	36,5000	
06.03.2023	38,6000	36,7000	
07.03.2023	40,0000	38,9500	
08.03.2023	39,9000	40,4000	
09.03.2023	40,1000	40,1500	
10.03.2023	39,6000	40,4500	
13.03.2023	39,0000	39,3000	
14.03.2023	38,9000	39,2000	
15.03.2023	38,6500	39,4000	
16.03.2023	38,6500	39,0500	
17.03.2023	37,8000	39,0500	
20.03.2023	37,1500	37,5500	
21.03.2023	36,9500	37,5000	
22.03.2023	37,8000	36,9500	
23.03.2023	37,8500	38,2000	
24.03.2023	37,3000	37,5000	
27.03.2023	37,9500	37,7000	
28.03.2023	37,8500	37,9500	
29.03.2023	37,5500	37,4500	
30.03.2023	38,3000	37,9500	
31.03.2023	39,0500	37,9000	
03.04.2023	38,8000	39,0000	
04.04.2023	38,2000	38,7000	
05.04.2023	37,6000	38,6000	
06.04.2023	38,2000	37,4000	
11.04.2023	38,7000	38,3000	
12.04.2023	38,8000	38,4000	
13.04.2023	38,7000	38,4000	
14.04.2023	38,7000	38,3000	
17.04.2023	37,9000	39,1000	
18.04.2023	40,1000	39,0000	
19.04.2023	40,4000	40,4000	
20.04.2023	39,6000	40,2000	
21.04.2023	39,3000	39,9000	
24.04.2023	40,0000	39,7000	
25.04.2023	40,9000	40,4000	
26.04.2023	40,8000	40,9000	
27.04.2023	41,7000	40,6000	
28.04.2023	41,8000	42,4000	
02.05.2023	40,6000	41,7000	
03.05.2023	40,4000	40,9000	
04.05.2023	40,6000	40,3000	
05.05.2023	40,8000	40,7000	
08.05.2023	40,4000	40,0000	
09.05.2023	39,7000	40,1000	
10.05.2023	39,2000	39,8000	
11.05.2023		39,1000	
12.05.2023	39,5000	40,0000	
15.05.2023	39,6000	39,8000	
16.05.2023	40,1000	39,8000	
17.05.2023	39,2000	39,5000	
18.05.2023	39,3000	39,3000	
19.05.2023	39,1000	39,3000	
22.05.2023	39,1000	39,1000	
23.05.2023	39,1000	39,3000	
24.05.2023	38,9000	38,6000	
25.05.2023	38,6000	38,6000	
26.05.2023	39,2000	38,6000	
29.05.2023	38,9000	39,5000	
30.05.2023	39,1000	39,2000	
31.05.2023	38,7000	39,1000	
01.06.2023	38,4000	38,9000	
02.06.2023	39,0000	38,6000	
05.06.2023	38,9000	38,6000	
06.06.2023	38,4000	38,8000	
07.06.2023	38,4000	38,4000	
08.06.2023	38,7000	38,4000	
09.06.2023	38,4000	38,8000	
12.06.2023	39,0000	38,8000	
13.06.2023	38,9000	38,8000	
14.06.2023	39,0000	39,3000	
15.06.2023	38,9000	39,3000	
16.06.2023	39,4000	39,3000	
19.06.2023	39,0000	39,1000	
20.06.2023	37,8000	38,9000	
21.06.2023	38,2000	37,9000	
22.06.2023	37,8000	38,0000	
23.06.2023	37,7000	38,1000	
26.06.2023	37,3000	37,7000	
27.06.2023	37,4000	37,6000	
28.06.2023	37,6000	37,3000	
29.06.2023	38,0000	37,6000	
30.06.2023	37,6000	37,9000	
03.07.2023	37,9000	38,0000	
04.07.2023	37,9000	38,2000	
05.07.2023	37,8000	37,5000	
06.07.2023	38,3000	37,9000	
07.07.2023	38,5000	37,9000	
10.07.2023	39,9000	38,6000	
11.07.2023	40,5000	40,1000	
12.07.2023	40,6000	40,5000	
13.07.2023	40,5000	40,3000	
14.07.2023	40,0000	40,4000	
17.07.2023	40,4000	40,4000	
18.07.2023	40,0000	40,2000	
19.07.2023	40,0000	40,4000	
20.07.2023	40,0000	40,3000	
21.07.2023	40,0000	40,0000	
24.07.2023	40,4000	40,0000	
25.07.2023	40,1000	40,0000	
26.07.2023	40,1000	40,4000	
27.07.2023	40,7000	40,6000	
28.07.2023	40,5000	41,0000	
31.07.2023	40,4000	40,7000	
01.08.2023	39,9000	41,5000	
02.08.2023	39,6000	39,0000	
03.08.2023	39,3000	39,5000	
04.08.2023	39,8000	39,3000	
07.08.2023	39,7000	39,5000	
08.08.2023	39,7000	40,0000	
09.08.2023	39,1000	40,1000	
10.08.2023	39,8000	39,5000	
11.08.2023	38,9000	40,1000	
14.08.2023	39,2000	39,9000	
15.08.2023	39,0000	39,4000	
16.08.2023	38,6000	38,7000	
17.08.2023	38,3000	38,2000	
18.08.2023	37,3000	38,3000	
21.08.2023	37,4000	37,5000	
22.08.2023	39,3000	37,3000	
23.08.2023	38,7000	38,9000	
24.08.2023	38,0000	39,0000	
25.08.2023	37,5000	37,7000	
28.08.2023	38,5000	37,6000	
29.08.2023	38,2000	38,1000	
30.08.2023	38,0000	38,2000	
31.08.2023	38,0000	38,0000	
01.09.2023	39,0000	38,4000	
04.09.2023	39,1000	38,6000	
05.09.2023	39,2000	38,7000	
06.09.2023	38,1000	39,0000	
07.09.2023	39,4000	38,4000	
08.09.2023	39,0000	39,0000	
11.09.2023	39,6000	38,6000	
12.09.2023	39,5000	39,5000	
13.09.2023	39,8000	39,7000	
14.09.2023	40,4000	39,7000	
15.09.2023	40,2000	40,7000	
18.09.2023	39,2000	40,3000	
19.09.2023	39,6000	39,2000	
20.09.2023	39,2000	40,0000	
21.09.2023	38,9000	38,2000	
22.09.2023	38,1000	38,5000	
25.09.2023	38,8000	38,4000	
26.09.2023	38,2000	38,6000	
27.09.2023	38,0000	38,2000	
28.09.2023	38,0000	38,6000	
29.09.2023	38,0000	38,1000	
02.10.2023	38,0000	38,2000	
03.10.2023	38,1000	37,9000	
04.10.2023	38,4000	38,0000	
05.10.2023	38,7000	38,2000	
06.10.2023	39,9000	38,1000	
09.10.2023	39,2000	39,5000	
